  -1.71201210940619e-01  -1.59164627133234e-01  -2.53658380738523e-02
  -4.16650307344054e-01  -2.28417238682079e-01  -1.20199872565656e-01
  -9.96208207162262e-01  -1.39701150122651e-01  -7.03543230801054e-02
  -2.06852942223525e+00   5.62528431604211e-01   6.41737970019997e-02
  -3.54050750349903e+00   2.89401246124945e+00   1.21458588498835e-01
  -4.33695605724942e+00   8.73895642114355e+00   3.25487320363761e-02
  -7.08195581327743e-01   2.08019114251955e+01  -9.55386785240795e-02
   1.70140290083592e+01   4.10162759818700e+01  -1.08630157994343e-01
   6.93069822110111e+01   6.45839285519686e+01   9.03196260623407e-03
   1.91678302934986e+02   6.40772231774253e+01   1.15822685721301e-01
   4.28797321355042e+02  -4.51592046025911e+01   8.32024624882798e-02
   7.92495742739356e+02  -4.66984053680098e+02  -4.95651020168418e-02
   1.12540822055168e+03  -1.60762219065985e+03  -1.22673216087232e-01
   1.45832069836400e+03  -2.74826032763961e+03  -1.95781330157622e-01
   1.79123317617633e+03  -3.88889846461937e+03  -2.68889444228012e-01
   2.12414565398865e+03  -5.02953660159913e+03  -3.41997558298402e-01
   2.45705813180097e+03  -6.17017473857888e+03  -4.15105672368792e-01
   2.78997060961330e+03  -7.31081287555864e+03  -4.88213786439183e-01
   3.12288308742562e+03  -8.45145101253839e+03  -5.61321900509573e-01
   3.45579556523795e+03  -9.59208914951815e+03  -6.34430014579963e-01
   3.78870804305027e+03  -1.07327272864979e+04  -7.07538128650353e-01
   4.12162052086259e+03  -1.18733654234777e+04  -7.80646242720743e-01
   4.45453299867492e+03  -1.30140035604574e+04  -8.53754356791133e-01
   4.78744547648724e+03  -1.41546416974372e+04  -9.26862470861523e-01
   5.12035795429957e+03  -1.52952798344169e+04  -9.99970584931913e-01
   5.45327043211189e+03  -1.64359179713967e+04  -1.07307869900230e+00
   5.78618290992421e+03  -1.75765561083764e+04  -1.14618681307269e+00
   6.11909538773654e+03  -1.87171942453562e+04  -1.21929492714308e+00
   6.45200786554886e+03  -1.98578323823360e+04  -1.29240304121347e+00
   6.78492034336119e+03  -2.09984705193157e+04  -1.36551115528386e+00
   7.11783282117351e+03  -2.21391086562955e+04  -1.43861926935425e+00
   7.45074529898583e+03  -2.32797467932752e+04  -1.51172738342464e+00
   7.78365777679816e+03  -2.44203849302550e+04  -1.58483549749503e+00
   8.11657025461048e+03  -2.55610230672347e+04  -1.65794361156542e+00
   8.44948273242281e+03  -2.67016612042145e+04  -1.73105172563582e+00
   8.78239521023513e+03  -2.78422993411943e+04  -1.80415983970621e+00
   9.11530768804745e+03  -2.89829374781740e+04  -1.87726795377660e+00
   9.44822016585978e+03  -3.01235756151538e+04  -1.95037606784699e+00
   9.78113264367210e+03  -3.12642137521335e+04  -2.02348418191738e+00
   1.01140451214844e+04  -3.24048518891133e+04  -2.09659229598777e+00
   1.04469575992968e+04  -3.35454900260930e+04  -2.16970041005816e+00
   1.07798700771091e+04  -3.46861281630728e+04  -2.24280852412855e+00
   1.11127825549214e+04  -3.58267663000526e+04  -2.31591663819894e+00
   1.14456950327337e+04  -3.69674044370323e+04  -2.38902475226933e+00
   1.17786075105460e+04  -3.81080425740121e+04  -2.46213286633972e+00
   1.21115199883584e+04  -3.92486807109918e+04  -2.53524098041011e+00
   1.24444324661707e+04  -4.03893188479716e+04  -2.60834909448050e+00
   1.27773449439830e+04  -4.15299569849514e+04  -2.68145720855089e+00
   1.31102574217953e+04  -4.26705951219311e+04  -2.75456532262128e+00
   1.34431698996077e+04  -4.38112332589109e+04  -2.82767343669167e+00
   1.37760823774200e+04  -4.49518713958906e+04  -2.90078155076206e+00
   1.41089948552323e+04  -4.60925095328704e+04  -2.97388966483245e+00
   1.44419073330446e+04  -4.72331476698502e+04  -3.04699777890284e+00
   1.47748198108570e+04  -4.83737858068299e+04  -3.12010589297323e+00
   1.51077322886693e+04  -4.95144239438097e+04  -3.19321400704362e+00
   1.54406447664816e+04  -5.06550620807894e+04  -3.26632212111401e+00
   1.57735572442939e+04  -5.17957002177692e+04  -3.33943023518440e+00
   1.61064697221063e+04  -5.29363383547490e+04  -3.41253834925479e+00
   1.64393821999186e+04  -5.40769764917287e+04  -3.48564646332518e+00
   1.67722946777309e+04  -5.52176146287085e+04  -3.55875457739557e+00
   1.71052071555432e+04  -5.63582527656882e+04  -3.63186269146596e+00
   1.74381196333556e+04  -5.74988909026680e+04  -3.70497080553635e+00
   1.77710321111679e+04  -5.86395290396478e+04  -3.77807891960674e+00
   1.81039445889802e+04  -5.97801671766275e+04  -3.85118703367713e+00
   1.84368570667925e+04  -6.09208053136073e+04  -3.92429514774751e+00
   1.87697695446048e+04  -6.20614434505870e+04  -3.99740326181790e+00
   1.91026820224172e+04  -6.32020815875668e+04  -4.07051137588830e+00
   1.94355945002295e+04  -6.43427197245466e+04  -4.14361948995869e+00
   1.97685069780418e+04  -6.54833578615263e+04  -4.21672760402908e+00
   2.01014194558541e+04  -6.66239959985061e+04  -4.28983571809947e+00
   2.04343319336665e+04  -6.77646341354858e+04  -4.36294383216986e+00
   2.07672444114788e+04  -6.89052722724656e+04  -4.43605194624025e+00
   2.11001568892911e+04  -7.00459104094454e+04  -4.50916006031064e+00
   2.14330693671034e+04  -7.11865485464251e+04  -4.58226817438103e+00
   2.17659818449157e+04  -7.23271866834049e+04  -4.65537628845142e+00
   2.20988943227281e+04  -7.34678248203846e+04  -4.72848440252181e+00
   2.24318068005404e+04  -7.46084629573644e+04  -4.80159251659220e+00
   2.27647192783527e+04  -7.57491010943442e+04  -4.87470063066259e+00
   2.30976317561650e+04  -7.68897392313239e+04  -4.94780874473298e+00
   2.34305442339774e+04  -7.80303773683037e+04  -5.02091685880337e+00
   2.37634567117897e+04  -7.91710155052834e+04  -5.09402497287375e+00
   2.40963691896020e+04  -8.03116536422632e+04  -5.16713308694414e+00
   2.44292816674143e+04  -8.14522917792430e+04  -5.24024120101453e+00
   2.47621941452266e+04  -8.25929299162227e+04  -5.31334931508492e+00
   2.50951066230390e+04  -8.37335680532025e+04  -5.38645742915531e+00
   2.54280191008513e+04  -8.48742061901822e+04  -5.45956554322570e+00
   2.57609315786636e+04  -8.60148443271620e+04  -5.53267365729609e+00
   2.60938440564759e+04  -8.71554824641418e+04  -5.60578177136648e+00
   2.64267565342883e+04  -8.82961206011215e+04  -5.67888988543687e+00
   2.67596690121006e+04  -8.94367587381013e+04  -5.75199799950726e+00
   2.70925814899129e+04  -9.05773968750810e+04  -5.82510611357765e+00
   2.74254939677252e+04  -9.17180350120608e+04  -5.89821422764804e+00
   2.77584064455375e+04  -9.28586731490406e+04  -5.97132234171843e+00
   2.80913189233499e+04  -9.39993112860203e+04  -6.04443045578882e+00
   2.84242314011622e+04  -9.51399494230001e+04  -6.11753856985921e+00
   2.87571438789745e+04  -9.62805875599798e+04  -6.19064668392960e+00
   2.90900563567868e+04  -9.74212256969596e+04  -6.26375479799999e+00
   2.94229688345992e+04  -9.85618638339394e+04  -6.33686291207038e+00
   2.97558813124115e+04  -9.97025019709191e+04  -6.40997102614077e+00
   3.00887937902238e+04  -1.00843140107899e+05  -6.48307914021116e+00
   3.04217062680361e+04  -1.01983778244879e+05  -6.55618725428155e+00
   3.07546187458484e+04  -1.03124416381858e+05  -6.62929536835194e+00
   3.10875312236608e+04  -1.04265054518838e+05  -6.70240348242233e+00
   3.14204437014731e+04  -1.05405692655818e+05  -6.77551159649272e+00
   3.17533561792854e+04  -1.06546330792798e+05  -6.84861971056311e+00
   3.20862686570977e+04  -1.07686968929777e+05  -6.92172782463350e+00
   3.24191811349101e+04  -1.08827607066757e+05  -6.99483593870389e+00
   3.27520936127224e+04  -1.09968245203737e+05  -7.06794405277428e+00
   3.30850060905347e+04  -1.11108883340717e+05  -7.14105216684467e+00
   3.34179185683470e+04  -1.12249521477696e+05  -7.21416028091506e+00
   3.37508310461594e+04  -1.13390159614676e+05  -7.28726839498545e+00
   3.40837435239717e+04  -1.14530797751656e+05  -7.36037650905584e+00
   3.44166560017840e+04  -1.15671435888636e+05  -7.43348462312623e+00
   3.47495684795963e+04  -1.16812074025616e+05  -7.50659273719662e+00
   3.50824809574086e+04  -1.17952712162595e+05  -7.57970085126701e+00
   3.54153934352210e+04  -1.19093350299575e+05  -7.65280896533740e+00
   3.57483059130333e+04  -1.20233988436555e+05  -7.72591707940779e+00
   3.60812183908456e+04  -1.21374626573535e+05  -7.79902519347818e+00
   3.64141308686579e+04  -1.22515264710514e+05  -7.87213330754857e+00
   3.67470433464703e+04  -1.23655902847494e+05  -7.94524142161896e+00
   3.70799558242826e+04  -1.24796540984474e+05  -8.01834953568935e+00
   3.74128683020949e+04  -1.25937179121454e+05  -8.09145764975974e+00
   3.77457807799072e+04  -1.27077817258433e+05  -8.16456576383013e+00
   3.80786932577195e+04  -1.28218455395413e+05  -8.23767387790052e+00
   3.84116057355319e+04  -1.29359093532393e+05  -8.31078199197091e+00
   3.87445182133442e+04  -1.30499731669373e+05  -8.38389010604130e+00
   3.90774306911565e+04  -1.31640369806352e+05  -8.45699822011169e+00
   3.94103431689688e+04  -1.32781007943332e+05  -8.53010633418208e+00
   3.97432556467812e+04  -1.33921646080312e+05  -8.60321444825247e+00
   4.00761681245935e+04  -1.35062284217292e+05  -8.67632256232286e+00
   4.04090806024058e+04  -1.36202922354271e+05  -8.74943067639325e+00
   4.07419930802181e+04  -1.37343560491251e+05  -8.82253879046364e+00
   4.10749055580304e+04  -1.38484198628231e+05  -8.89564690453403e+00
   4.14078180358428e+04  -1.39624836765211e+05  -8.96875501860442e+00
   4.17407305136551e+04  -1.40765474902190e+05  -9.04186313267481e+00
   4.20736429914674e+04  -1.41906113039170e+05  -9.11497124674520e+00
   4.24065554692797e+04  -1.43046751176150e+05  -9.18807936081559e+00
   4.27394679470921e+04  -1.44187389313130e+05  -9.26118747488598e+00
   4.30723804249044e+04  -1.45328027450109e+05  -9.33429558895637e+00
   4.34052929027167e+04  -1.46468665587089e+05  -9.40740370302676e+00
   4.37382053805290e+04  -1.47609303724069e+05  -9.48051181709715e+00
   4.40711178583413e+04  -1.48749941861049e+05  -9.55361993116754e+00
   4.44040303361537e+04  -1.49890579998028e+05  -9.62672804523793e+00
   4.47369428139660e+04  -1.51031218135008e+05  -9.69983615930832e+00
   4.50698552917783e+04  -1.52171856271988e+05  -9.77294427337871e+00
   4.54027677695906e+04  -1.53312494408968e+05  -9.84605238744910e+00
   4.57356802474030e+04  -1.54453132545947e+05  -9.91916050151949e+00
   4.60685927252153e+04  -1.55593770682927e+05  -9.99226861558988e+00
   4.64015052030276e+04  -1.56734408819907e+05  -1.00653767296603e+01
   4.67344176808399e+04  -1.57875046956887e+05  -1.01384848437307e+01
   4.70673301586522e+04  -1.59015685093866e+05  -1.02115929578011e+01
   4.74002426364646e+04  -1.60156323230846e+05  -1.02847010718714e+01
   4.77331551142769e+04  -1.61296961367826e+05  -1.03578091859418e+01
   4.80660675920892e+04  -1.62437599504806e+05  -1.04309173000122e+01
   4.83989800699015e+04  -1.63578237641785e+05  -1.05040254140826e+01
   4.87318925477139e+04  -1.64718875778765e+05  -1.05771335281530e+01
   4.90648050255262e+04  -1.65859513915745e+05  -1.06502416422234e+01
   4.93977175033385e+04  -1.67000152052725e+05  -1.07233497562938e+01
   4.97306299811508e+04  -1.68140790189704e+05  -1.07964578703642e+01
   5.00635424589631e+04  -1.69281428326684e+05  -1.08695659844346e+01
   5.03964549367755e+04  -1.70422066463664e+05  -1.09426740985050e+01
   5.07293674145878e+04  -1.71562704600643e+05  -1.10157822125753e+01
   5.10622798924001e+04  -1.72703342737623e+05  -1.10888903266457e+01
   5.13951923702124e+04  -1.73843980874603e+05  -1.11619984407161e+01
   5.17281048480248e+04  -1.74984619011583e+05  -1.12351065547865e+01
   5.20610173258371e+04  -1.76125257148562e+05  -1.13082146688569e+01
   5.23939298036494e+04  -1.77265895285542e+05  -1.13813227829273e+01
   5.27268422814617e+04  -1.78406533422522e+05  -1.14544308969977e+01
   5.30597547592740e+04  -1.79547171559502e+05  -1.15275390110681e+01
   5.33926672370864e+04  -1.80687809696481e+05  -1.16006471251385e+01
   5.37255797148987e+04  -1.81828447833461e+05  -1.16737552392089e+01
   5.40584921927110e+04  -1.82969085970441e+05  -1.17468633532792e+01
   5.43914046705233e+04  -1.84109724107421e+05  -1.18199714673496e+01
   5.47243171483357e+04  -1.85250362244400e+05  -1.18930795814200e+01
   5.50572296261480e+04  -1.86391000381380e+05  -1.19661876954904e+01
   5.53901421039603e+04  -1.87531638518360e+05  -1.20392958095608e+01
   5.57230545817726e+04  -1.88672276655340e+05  -1.21124039236312e+01
   5.60559670595849e+04  -1.89812914792319e+05  -1.21855120377016e+01
   5.63888795373973e+04  -1.90953552929299e+05  -1.22586201517720e+01
   5.67217920152096e+04  -1.92094191066279e+05  -1.23317282658424e+01
   5.70547044930219e+04  -1.93234829203259e+05  -1.24048363799128e+01
   5.73876169708342e+04  -1.94375467340238e+05  -1.24779444939831e+01
   5.77205294486466e+04  -1.95516105477218e+05  -1.25510526080535e+01
   5.80534419264589e+04  -1.96656743614198e+05  -1.26241607221239e+01
   5.83863544042712e+04  -1.97797381751178e+05  -1.26972688361943e+01
   5.87192668820835e+04  -1.98938019888157e+05  -1.27703769502647e+01
   5.90521793598958e+04  -2.00078658025137e+05  -1.28434850643351e+01
   5.93850918377082e+04  -2.01219296162117e+05  -1.29165931784055e+01
   5.97180043155205e+04  -2.02359934299097e+05  -1.29897012924759e+01
   6.00509167933328e+04  -2.03500572436076e+05  -1.30628094065463e+01
   6.03838292711451e+04  -2.04641210573056e+05  -1.31359175206167e+01
   6.07167417489575e+04  -2.05781848710036e+05  -1.32090256346870e+01
   6.10496542267698e+04  -2.06922486847016e+05  -1.32821337487574e+01
   6.13825667045821e+04  -2.08063124983995e+05  -1.33552418628278e+01
   6.17154791823944e+04  -2.09203763120975e+05  -1.34283499768982e+01
   6.20483916602067e+04  -2.10344401257955e+05  -1.35014580909686e+01
   6.23813041380191e+04  -2.11485039394935e+05  -1.35745662050390e+01
   6.27142166158314e+04  -2.12625677531914e+05  -1.36476743191094e+01
   6.30471290936437e+04  -2.13766315668894e+05  -1.37207824331798e+01
   6.33800415714560e+04  -2.14906953805874e+05  -1.37938905472502e+01
   6.37129540492684e+04  -2.16047591942854e+05  -1.38669986613206e+01
   6.40458665270807e+04  -2.17188230079833e+05  -1.39401067753909e+01
   6.43787790048930e+04  -2.18328868216813e+05  -1.40132148894613e+01
   6.47116914827053e+04  -2.19469506353793e+05  -1.40863230035317e+01
   6.50446039605176e+04  -2.20610144490773e+05  -1.41594311176021e+01
   6.53775164383300e+04  -2.21750782627752e+05  -1.42325392316725e+01
   6.57104289161423e+04  -2.22891420764732e+05  -1.43056473457429e+01
   6.60433413939546e+04  -2.24032058901712e+05  -1.43787554598133e+01
   6.63762538717669e+04  -2.25172697038692e+05  -1.44518635738837e+01
   6.67091663495793e+04  -2.26313335175671e+05  -1.45249716879541e+01
   6.70420788273916e+04  -2.27453973312651e+05  -1.45980798020245e+01
   6.73749913052039e+04  -2.28594611449631e+05  -1.46711879160948e+01
   6.77079037830162e+04  -2.29735249586611e+05  -1.47442960301652e+01
   6.80408162608285e+04  -2.30875887723590e+05  -1.48174041442356e+01
   6.83737287386409e+04  -2.32016525860570e+05  -1.48905122583060e+01
   6.87066412164532e+04  -2.33157163997550e+05  -1.49636203723764e+01
   6.90395536942655e+04  -2.34297802134529e+05  -1.50367284864468e+01
   6.93724661720778e+04  -2.35438440271509e+05  -1.51098366005172e+01
   6.97053786498902e+04  -2.36579078408489e+05  -1.51829447145876e+01
   7.00382911277025e+04  -2.37719716545469e+05  -1.52560528286580e+01
   7.03712036055148e+04  -2.38860354682448e+05  -1.53291609427284e+01
   7.07041160833271e+04  -2.40000992819428e+05  -1.54022690567987e+01
   7.10370285611395e+04  -2.41141630956408e+05  -1.54753771708691e+01
   7.13699410389518e+04  -2.42282269093388e+05  -1.55484852849395e+01
   7.17028535167641e+04  -2.43422907230367e+05  -1.56215933990099e+01
   7.20357659945764e+04  -2.44563545367347e+05  -1.56947015130803e+01
   7.23686784723887e+04  -2.45704183504327e+05  -1.57678096271507e+01
   7.27015909502011e+04  -2.46844821641307e+05  -1.58409177412211e+01
   7.30345034280134e+04  -2.47985459778286e+05  -1.59140258552915e+01
   7.33674159058257e+04  -2.49126097915266e+05  -1.59871339693619e+01
   7.37003283836380e+04  -2.50266736052246e+05  -1.60602420834323e+01
   7.40332408614504e+04  -2.51407374189226e+05  -1.61333501975026e+01
   7.43661533392627e+04  -2.52548012326205e+05  -1.62064583115730e+01
   7.46990658170750e+04  -2.53688650463185e+05  -1.62795664256434e+01
   7.50319782948873e+04  -2.54829288600165e+05  -1.63526745397138e+01
   7.53648907726996e+04  -2.55969926737145e+05  -1.64257826537842e+01
   7.56978032505120e+04  -2.57110564874124e+05  -1.64988907678546e+01
   7.60307157283243e+04  -2.58251203011104e+05  -1.65719988819250e+01
   7.63636282061366e+04  -2.59391841148084e+05  -1.66451069959954e+01
   7.66965406839489e+04  -2.60532479285064e+05  -1.67182151100658e+01
   7.70294531617613e+04  -2.61673117422043e+05  -1.67913232241362e+01
   7.73623656395736e+04  -2.62813755559023e+05  -1.68644313382065e+01
   7.76952781173859e+04  -2.63954393696003e+05  -1.69375394522769e+01
   7.80281905951982e+04  -2.65095031832983e+05  -1.70106475663473e+01
   7.83611030730105e+04  -2.66235669969962e+05  -1.70837556804177e+01
   7.86940155508229e+04  -2.67376308106942e+05  -1.71568637944881e+01
   7.90269280286352e+04  -2.68516946243922e+05  -1.72299719085585e+01
   7.93598405064475e+04  -2.69657584380902e+05  -1.73030800226289e+01
   7.96927529842598e+04  -2.70798222517882e+05  -1.73761881366993e+01
   8.00256654620722e+04  -2.71938860654861e+05  -1.74492962507697e+01
   8.03585779398845e+04  -2.73079498791841e+05  -1.75224043648401e+01
   8.06914904176968e+04  -2.74220136928821e+05  -1.75955124789104e+01
   8.10244028955091e+04  -2.75360775065801e+05  -1.76686205929808e+01
   8.13573153733214e+04  -2.76501413202780e+05  -1.77417287070512e+01
   8.16902278511338e+04  -2.77642051339760e+05  -1.78148368211216e+01
   8.20231403289461e+04  -2.78782689476740e+05  -1.78879449351920e+01
   8.23560528067584e+04  -2.79923327613720e+05  -1.79610530492624e+01
   8.26889652845707e+04  -2.81063965750700e+05  -1.80341611633328e+01
   8.30218777623831e+04  -2.82204603887679e+05  -1.81072692774032e+01
   8.33547902401954e+04  -2.83345242024659e+05  -1.81803773914736e+01
   8.36877027180077e+04  -2.84485880161639e+05  -1.82534855055440e+01
   8.40206151958200e+04  -2.85626518298619e+05  -1.83265936196143e+01
   8.43535276736323e+04  -2.86767156435598e+05  -1.83997017336847e+01
   8.46864401514447e+04  -2.87907794572578e+05  -1.84728098477551e+01
   8.50193526292570e+04  -2.89048432709558e+05  -1.85459179618255e+01
   8.53522651070693e+04  -2.90189070846538e+05  -1.86190260758959e+01
   8.56851775848816e+04  -2.91329708983517e+05  -1.86921341899663e+01
   8.60180900626940e+04  -2.92470347120497e+05  -1.87652423040367e+01
   8.63510025405063e+04  -2.93610985257477e+05  -1.88383504181071e+01
   8.66839150183186e+04  -2.94751623394457e+05  -1.89114585321775e+01
   8.70168274961309e+04  -2.95892261531437e+05  -1.89845666462479e+01
   8.73497399739432e+04  -2.97032899668416e+05  -1.90576747603182e+01
   8.76826524517556e+04  -2.98173537805396e+05  -1.91307828743886e+01
   8.80155649295679e+04  -2.99314175942376e+05  -1.92038909884590e+01
   8.83484774073802e+04  -3.00454814079356e+05  -1.92769991025294e+01
   8.86813898851925e+04  -3.01595452216335e+05  -1.93501072165998e+01
   8.90143023630049e+04  -3.02736090353315e+05  -1.94232153306702e+01
   8.93472148408172e+04  -3.03876728490295e+05  -1.94963234447406e+01
   8.96801273186295e+04  -3.05017366627275e+05  -1.95694315588110e+01
   9.00130397964418e+04  -3.06158004764255e+05  -1.96425396728814e+01
   9.03459522742541e+04  -3.07298642901234e+05  -1.97156477869518e+01
   9.06788647520665e+04  -3.08439281038214e+05  -1.97887559010221e+01
   9.10117772298788e+04  -3.09579919175194e+05  -1.98618640150925e+01
   9.13446897076911e+04  -3.10720557312174e+05  -1.99349721291629e+01
   9.16776021855034e+04  -3.11861195449153e+05  -2.00080802432333e+01
   9.20105146633158e+04  -3.13001833586133e+05  -2.00811883573037e+01
   9.23434271411281e+04  -3.14142471723113e+05  -2.01542964713741e+01
   9.26763396189404e+04  -3.15283109860093e+05  -2.02274045854445e+01
   9.30092520967527e+04  -3.16423747997073e+05  -2.03005126995149e+01
   9.33421645745650e+04  -3.17564386134052e+05  -2.03736208135853e+01
   9.36750770523774e+04  -3.18705024271032e+05  -2.04467289276557e+01
   9.40079895301897e+04  -3.19845662408012e+05  -2.05198370417260e+01
   9.43409020080020e+04  -3.20986300544992e+05  -2.05929451557964e+01
   9.46738144858143e+04  -3.22126938681971e+05  -2.06660532698668e+01
   9.50067269636267e+04  -3.23267576818951e+05  -2.07391613839372e+01
   9.53396394414390e+04  -3.24408214955931e+05  -2.08122694980076e+01
   9.56725519192513e+04  -3.25548853092911e+05  -2.08853776120780e+01
   9.60054643970636e+04  -3.26689491229890e+05  -2.09584857261484e+01
   9.63383768748759e+04  -3.27830129366870e+05  -2.10315938402188e+01
   9.66712893526883e+04  -3.28970767503850e+05  -2.11047019542892e+01
   9.70042018305006e+04  -3.30111405640830e+05  -2.11778100683596e+01
   9.73371143083129e+04  -3.31252043777810e+05  -2.12509181824299e+01
   9.76700267861252e+04  -3.32392681914789e+05  -2.13240262965003e+01
   9.80029392639376e+04  -3.33533320051769e+05  -2.13971344105707e+01
   9.83358517417499e+04  -3.34673958188749e+05  -2.14702425246411e+01
   9.86687642195622e+04  -3.35814596325729e+05  -2.15433506387115e+01
   9.90016766973745e+04  -3.36955234462708e+05  -2.16164587527819e+01
   9.93345891751868e+04  -3.38095872599688e+05  -2.16895668668523e+01
   9.96675016529992e+04  -3.39236510736668e+05  -2.17626749809227e+01
   1.00000414130811e+05  -3.40377148873648e+05  -2.18357830949931e+01
   1.00333326608624e+05  -3.41517787010628e+05  -2.19088912090635e+01
   1.00666239086436e+05  -3.42658425147607e+05  -2.19819993231338e+01
   1.00999151564248e+05  -3.43799063284587e+05  -2.20551074372042e+01
   1.01332064042061e+05  -3.44939701421567e+05  -2.21282155512746e+01
   1.01664976519873e+05  -3.46080339558547e+05  -2.22013236653450e+01
   1.01997888997685e+05  -3.47220977695526e+05  -2.22744317794154e+01
   1.02330801475498e+05  -3.48361615832506e+05  -2.23475398934858e+01
   1.02663713953310e+05  -3.49502253969486e+05  -2.24206480075562e+01
   1.02996626431122e+05  -3.50642892106466e+05  -2.24937561216266e+01
   1.03329538908935e+05  -3.51783530243446e+05  -2.25668642356970e+01
   1.03662451386747e+05  -3.52924168380425e+05  -2.26399723497674e+01
   1.03995363864559e+05  -3.54064806517405e+05  -2.27130804638377e+01
   1.04328276342372e+05  -3.55205444654385e+05  -2.27861885779081e+01
   1.04661188820184e+05  -3.56346082791365e+05  -2.28592966919785e+01
   1.04994101297996e+05  -3.57486720928344e+05  -2.29324048060489e+01
   1.05327013775809e+05  -3.58627359065324e+05  -2.30055129201193e+01
   1.05659926253621e+05  -3.59767997202304e+05  -2.30786210341897e+01
   1.05992838731433e+05  -3.60908635339284e+05  -2.31517291482601e+01
   1.06325751209246e+05  -3.62049273476264e+05  -2.32248372623305e+01
   1.06658663687058e+05  -3.63189911613243e+05  -2.32979453764009e+01
   1.06991576164870e+05  -3.64330549750223e+05  -2.33710534904713e+01
   1.07324488642683e+05  -3.65471187887203e+05  -2.34441616045416e+01
   1.07657401120495e+05  -3.66611826024183e+05  -2.35172697186120e+01
   1.07990313598307e+05  -3.67752464161162e+05  -2.35903778326824e+01
   1.08323226076120e+05  -3.68893102298142e+05  -2.36634859467528e+01
   1.08656138553932e+05  -3.70033740435122e+05  -2.37365940608232e+01
   1.08989051031744e+05  -3.71174378572102e+05  -2.38097021748936e+01
   1.09321963509557e+05  -3.72315016709081e+05  -2.38828102889640e+01
   1.09654875987369e+05  -3.73455654846061e+05  -2.39559184030344e+01
   1.09987788465181e+05  -3.74596292983041e+05  -2.40290265171048e+01
   1.10320700942993e+05  -3.75736931120021e+05  -2.41021346311752e+01
   1.10653613420806e+05  -3.76877569257001e+05  -2.41752427452455e+01
   1.10986525898618e+05  -3.78018207393980e+05  -2.42483508593159e+01
   1.11319438376430e+05  -3.79158845530960e+05  -2.43214589733863e+01
   1.11652350854243e+05  -3.80299483667940e+05  -2.43945670874567e+01
   1.11985263332055e+05  -3.81440121804920e+05  -2.44676752015271e+01
   1.12318175809867e+05  -3.82580759941899e+05  -2.45407833155975e+01
   1.12651088287680e+05  -3.83721398078879e+05  -2.46138914296679e+01
   1.12984000765492e+05  -3.84862036215859e+05  -2.46869995437383e+01
   1.13316913243304e+05  -3.86002674352839e+05  -2.47601076578087e+01
   1.13649825721117e+05  -3.87143312489819e+05  -2.48332157718791e+01
   1.13982738198929e+05  -3.88283950626798e+05  -2.49063238859494e+01
   1.14315650676741e+05  -3.89424588763778e+05  -2.49794320000198e+01
   1.14648563154554e+05  -3.90565226900758e+05  -2.50525401140902e+01
   1.14981475632366e+05  -3.91705865037738e+05  -2.51256482281606e+01
   1.15314388110178e+05  -3.92846503174717e+05  -2.51987563422310e+01
   1.15647300587991e+05  -3.93987141311697e+05  -2.52718644563014e+01
   1.15980213065803e+05  -3.95127779448677e+05  -2.53449725703718e+01
   1.16313125543615e+05  -3.96268417585657e+05  -2.54180806844422e+01
   1.16646038021428e+05  -3.97409055722637e+05  -2.54911887985126e+01
   1.16978950499240e+05  -3.98549693859616e+05  -2.55642969125830e+01
   1.17311862977052e+05  -3.99690331996596e+05  -2.56374050266533e+01
   1.17644775454865e+05  -4.00830970133576e+05  -2.57105131407237e+01
   1.17977687932677e+05  -4.01971608270556e+05  -2.57836212547941e+01
   1.18310600410489e+05  -4.03112246407535e+05  -2.58567293688645e+01
   1.18643512888302e+05  -4.04252884544515e+05  -2.59298374829349e+01
   1.18976425366114e+05  -4.05393522681495e+05  -2.60029455970053e+01
   1.19309337843926e+05  -4.06534160818475e+05  -2.60760537110757e+01
   1.19642250321739e+05  -4.07674798955454e+05  -2.61491618251461e+01
   1.19975162799551e+05  -4.08815437092434e+05  -2.62222699392165e+01
   1.20308075277363e+05  -4.09956075229414e+05  -2.62953780532868e+01
   1.20640987755175e+05  -4.11096713366394e+05  -2.63684861673572e+01
   1.20973900232988e+05  -4.12237351503374e+05  -2.64415942814276e+01
   1.21306812710800e+05  -4.13377989640353e+05  -2.65147023954980e+01
   1.21639725188612e+05  -4.14518627777333e+05  -2.65878105095684e+01
   1.21972637666425e+05  -4.15659265914313e+05  -2.66609186236388e+01
   1.22305550144237e+05  -4.16799904051293e+05  -2.67340267377092e+01
   1.22638462622049e+05  -4.17940542188272e+05  -2.68071348517796e+01
   1.22971375099862e+05  -4.19081180325252e+05  -2.68802429658500e+01
   1.23304287577674e+05  -4.20221818462232e+05  -2.69533510799204e+01
   1.23637200055486e+05  -4.21362456599212e+05  -2.70264591939907e+01
   1.23970112533299e+05  -4.22503094736192e+05  -2.70995673080611e+01
   1.24303025011111e+05  -4.23643732873171e+05  -2.71726754221315e+01
   1.24635937488923e+05  -4.24784371010151e+05  -2.72457835362019e+01
   1.24968849966736e+05  -4.25925009147131e+05  -2.73188916502723e+01
   1.25301762444548e+05  -4.27065647284111e+05  -2.73919997643427e+01
   1.25634674922360e+05  -4.28206285421090e+05  -2.74651078784131e+01
   1.25967587400173e+05  -4.29346923558070e+05  -2.75382159924835e+01
   1.26300499877985e+05  -4.30487561695050e+05  -2.76113241065539e+01
   1.26633412355797e+05  -4.31628199832030e+05  -2.76844322206243e+01
   1.26966324833610e+05  -4.32768837969010e+05  -2.77575403346946e+01
   1.27299237311422e+05  -4.33909476105989e+05  -2.78306484487650e+01
   1.27632149789234e+05  -4.35050114242969e+05  -2.79037565628354e+01
   1.27965062267047e+05  -4.36190752379949e+05  -2.79768646769058e+01
   1.28297974744859e+05  -4.37331390516929e+05  -2.80499727909762e+01
   1.28630887222671e+05  -4.38472028653908e+05  -2.81230809050466e+01
   1.28963799700484e+05  -4.39612666790888e+05  -2.81961890191170e+01
   1.29296712178296e+05  -4.40753304927868e+05  -2.82692971331874e+01
   1.29629624656108e+05  -4.41893943064848e+05  -2.83424052472578e+01
   1.29962537133921e+05  -4.43034581201828e+05  -2.84155133613282e+01
   1.30295449611733e+05  -4.44175219338807e+05  -2.84886214753985e+01
   1.30628362089545e+05  -4.45315857475787e+05  -2.85617295894689e+01
   1.30961274567357e+05  -4.46456495612767e+05  -2.86348377035393e+01
   1.31294187045170e+05  -4.47597133749747e+05  -2.87079458176097e+01
   1.31627099522982e+05  -4.48737771886726e+05  -2.87810539316801e+01
   1.31960012000794e+05  -4.49878410023706e+05  -2.88541620457505e+01
   1.32292924478607e+05  -4.51019048160686e+05  -2.89272701598209e+01
   1.32625836956419e+05  -4.52159686297666e+05  -2.90003782738913e+01
   1.32958749434231e+05  -4.53300324434645e+05  -2.90734863879617e+01
   1.33291661912044e+05  -4.54440962571625e+05  -2.91465945020321e+01
   1.33624574389856e+05  -4.55581600708605e+05  -2.92197026161024e+01
   1.33957486867668e+05  -4.56722238845585e+05  -2.92928107301728e+01
   1.34290399345481e+05  -4.57862876982565e+05  -2.93659188442432e+01
   1.34623311823293e+05  -4.59003515119544e+05  -2.94390269583136e+01
   1.34956224301105e+05  -4.60144153256524e+05  -2.95121350723840e+01
   1.35289136778918e+05  -4.61284791393504e+05  -2.95852431864544e+01
   1.35622049256730e+05  -4.62425429530484e+05  -2.96583513005248e+01
   1.35954961734542e+05  -4.63566067667463e+05  -2.97314594145952e+01
   1.36287874212355e+05  -4.64706705804443e+05  -2.98045675286656e+01
   1.36620786690167e+05  -4.65847343941423e+05  -2.98776756427360e+01
   1.36953699167979e+05  -4.66987982078403e+05  -2.99507837568063e+01
   1.37286611645792e+05  -4.68128620215383e+05  -3.00238918708767e+01
   1.37619524123604e+05  -4.69269258352362e+05  -3.00969999849471e+01
   1.37952436601416e+05  -4.70409896489342e+05  -3.01701080990175e+01
   1.38285349079229e+05  -4.71550534626322e+05  -3.02432162130879e+01
   1.38618261557041e+05  -4.72691172763302e+05  -3.03163243271583e+01
   1.38951174034853e+05  -4.73831810900281e+05  -3.03894324412287e+01
   1.39284086512666e+05  -4.74972449037261e+05  -3.04625405552991e+01
   1.39616998990478e+05  -4.76113087174241e+05  -3.05356486693695e+01
   1.39949911468290e+05  -4.77253725311221e+05  -3.06087567834399e+01
   1.40282823946102e+05  -4.78394363448201e+05  -3.06818648975102e+01
   1.40615736423915e+05  -4.79535001585180e+05  -3.07549730115806e+01
   1.40948648901727e+05  -4.80675639722160e+05  -3.08280811256510e+01
   1.41281561379539e+05  -4.81816277859140e+05  -3.09011892397214e+01
   1.41614473857352e+05  -4.82956915996120e+05  -3.09742973537918e+01
   1.41947386335164e+05  -4.84097554133099e+05  -3.10474054678622e+01
   1.42280298812976e+05  -4.85238192270079e+05  -3.11205135819326e+01
   1.42613211290789e+05  -4.86378830407059e+05  -3.11936216960030e+01
   1.42946123768601e+05  -4.87519468544039e+05  -3.12667298100734e+01
   1.43279036246413e+05  -4.88660106681018e+05  -3.13398379241438e+01
   1.43611948724226e+05  -4.89800744817998e+05  -3.14129460382141e+01
   1.43944861202038e+05  -4.90941382954978e+05  -3.14860541522845e+01
   1.44277773679850e+05  -4.92082021091958e+05  -3.15591622663549e+01
   1.44610686157663e+05  -4.93222659228938e+05  -3.16322703804253e+01
   1.44943598635475e+05  -4.94363297365917e+05  -3.17053784944957e+01
   1.45276511113287e+05  -4.95503935502897e+05  -3.17784866085661e+01
   1.45609423591100e+05  -4.96644573639877e+05  -3.18515947226365e+01
   1.45942336068912e+05  -4.97785211776857e+05  -3.19247028367069e+01
   1.46275248546724e+05  -4.98925849913836e+05  -3.19978109507773e+01
   1.46608161024537e+05  -5.00066488050816e+05  -3.20709190648477e+01
   1.46941073502349e+05  -5.01207126187796e+05  -3.21440271789181e+01
   1.47273985980161e+05  -5.02347764324776e+05  -3.22171352929884e+01
   1.47606898457974e+05  -5.03488402461756e+05  -3.22902434070588e+01
   1.47939810935786e+05  -5.04629040598735e+05  -3.23633515211292e+01
   1.48272723413598e+05  -5.05769678735715e+05  -3.24364596351996e+01
   1.48605635891411e+05  -5.06910316872695e+05  -3.25095677492700e+01
   1.48938548369223e+05  -5.08050955009675e+05  -3.25826758633404e+01
   1.49271460847035e+05  -5.09191593146654e+05  -3.26557839774108e+01
   1.49604373324848e+05  -5.10332231283634e+05  -3.27288920914812e+01
   1.49937285802660e+05  -5.11472869420614e+05  -3.28020002055516e+01
   1.50270198280472e+05  -5.12613507557594e+05  -3.28751083196220e+01
   1.50603110758284e+05  -5.13754145694574e+05  -3.29482164336924e+01
   1.50936023236097e+05  -5.14894783831553e+05  -3.30213245477628e+01
   1.51268935713909e+05  -5.16035421968533e+05  -3.30944326618332e+01
   1.51601848191721e+05  -5.17176060105513e+05  -3.31675407759036e+01
   1.51934760669534e+05  -5.18316698242493e+05  -3.32406488899740e+01
   1.52267673147346e+05  -5.19457336379472e+05  -3.33137570040443e+01
   1.52600585625158e+05  -5.20597974516452e+05  -3.33868651181147e+01
   1.52933498102971e+05  -5.21738612653432e+05  -3.34599732321851e+01
   1.53266410580783e+05  -5.22879250790412e+05  -3.35330813462555e+01
   1.53599323058595e+05  -5.24019888927391e+05  -3.36061894603259e+01
   1.53932235536408e+05  -5.25160527064371e+05  -3.36792975743963e+01
   1.54265148014220e+05  -5.26301165201351e+05  -3.37524056884667e+01
   1.54598060492032e+05  -5.27441803338331e+05  -3.38255138025371e+01
   1.54930972969845e+05  -5.28582441475311e+05  -3.38986219166075e+01
   1.55263885447657e+05  -5.29723079612290e+05  -3.39717300306779e+01
   1.55596797925469e+05  -5.30863717749270e+05  -3.40448381447483e+01
   1.55929710403282e+05  -5.32004355886250e+05  -3.41179462588187e+01
   1.56262622881094e+05  -5.33144994023230e+05  -3.41910543728891e+01
   1.56595535358906e+05  -5.34285632160209e+05  -3.42641624869595e+01
   1.56928447836719e+05  -5.35426270297189e+05  -3.43372706010299e+01
   1.57261360314531e+05  -5.36566908434169e+05  -3.44103787151003e+01
   1.57594272792343e+05  -5.37707546571149e+05  -3.44834868291706e+01
   1.57927185270156e+05  -5.38848184708129e+05  -3.45565949432410e+01
   1.58260097747968e+05  -5.39988822845108e+05  -3.46297030573114e+01
   1.58593010225780e+05  -5.41129460982088e+05  -3.47028111713818e+01
   1.58925922703593e+05  -5.42270099119068e+05  -3.47759192854522e+01
   1.59258835181405e+05  -5.43410737256048e+05  -3.48490273995226e+01
   1.59591747659217e+05  -5.44551375393027e+05  -3.49221355135930e+01
   1.59924660137030e+05  -5.45692013530007e+05  -3.49952436276634e+01
   1.60257572614842e+05  -5.46832651666987e+05  -3.50683517417338e+01
   1.60590485092654e+05  -5.47973289803967e+05  -3.51414598558042e+01
   1.60923397570466e+05  -5.49113927940947e+05  -3.52145679698746e+01
   1.61256310048279e+05  -5.50254566077926e+05  -3.52876760839450e+01
   1.61589222526091e+05  -5.51395204214906e+05  -3.53607841980154e+01
   1.61922135003903e+05  -5.52535842351886e+05  -3.54338923120858e+01
   1.62255047481716e+05  -5.53676480488866e+05  -3.55070004261562e+01
   1.62587959959528e+05  -5.54817118625845e+05  -3.55801085402265e+01
   1.62920872437340e+05  -5.55957756762825e+05  -3.56532166542969e+01
   1.63253784915153e+05  -5.57098394899805e+05  -3.57263247683673e+01
   1.63586697392965e+05  -5.58239033036785e+05  -3.57994328824377e+01
   1.63919609870777e+05  -5.59379671173765e+05  -3.58725409965081e+01
   1.64252522348590e+05  -5.60520309310744e+05  -3.59456491105785e+01
   1.64585434826402e+05  -5.61660947447724e+05  -3.60187572246489e+01
   1.64918347304214e+05  -5.62801585584704e+05  -3.60918653387193e+01
   1.65251259782027e+05  -5.63942223721684e+05  -3.61649734527897e+01
   1.65584172259839e+05  -5.65082861858663e+05  -3.62380815668601e+01
   1.65917084737651e+05  -5.66223499995643e+05  -3.63111896809305e+01
   1.66249997215464e+05  -5.67364138132623e+05  -3.63842977950009e+01
   1.66582909693276e+05  -5.68504776269603e+05  -3.64574059090713e+01
   1.66915822171088e+05  -5.69645414406582e+05  -3.65305140231417e+01
   1.67248734648901e+05  -5.70786052543562e+05  -3.66036221372121e+01
   1.67581647126713e+05  -5.71926690680542e+05  -3.66767302512825e+01
   1.67914559604525e+05  -5.73067328817522e+05  -3.67498383653528e+01
   1.68247472082338e+05  -5.74207966954502e+05  -3.68229464794232e+01
   1.68580384560150e+05  -5.75348605091481e+05  -3.68960545934936e+01
   1.68913297037962e+05  -5.76489243228461e+05  -3.69691627075640e+01
   1.69246209515775e+05  -5.77629881365441e+05  -3.70422708216344e+01
   1.69579121993587e+05  -5.78770519502421e+05  -3.71153789357048e+01
   1.69912034471399e+05  -5.79911157639400e+05  -3.71884870497752e+01
   1.70244946949212e+05  -5.81051795776380e+05  -3.72615951638456e+01
   1.70577859427024e+05  -5.82192433913360e+05  -3.73347032779160e+01
   1.70910771904836e+05  -5.83333072050340e+05  -3.74078113919864e+01
   1.71243684382648e+05  -5.84473710187320e+05  -3.74809195060568e+01
   1.71576596860461e+05  -5.85614348324299e+05  -3.75540276201272e+01
   1.71909509338273e+05  -5.86754986461279e+05  -3.76271357341976e+01
   1.72242421816085e+05  -5.87895624598259e+05  -3.77002438482680e+01
   1.72575334293898e+05  -5.89036262735239e+05  -3.77733519623384e+01
   1.72908246771710e+05  -5.90176900872218e+05  -3.78464600764087e+01
   1.73241159249522e+05  -5.91317539009198e+05  -3.79195681904791e+01
   1.73574071727335e+05  -5.92458177146178e+05  -3.79926763045495e+01
   1.73906984205147e+05  -5.93598815283158e+05  -3.80657844186199e+01
   1.74239896682959e+05  -5.94739453420138e+05  -3.81388925326903e+01
   1.74572809160772e+05  -5.95880091557117e+05  -3.82120006467607e+01
   1.74905721638584e+05  -5.97020729694097e+05  -3.82851087608311e+01
   1.75238634116396e+05  -5.98161367831077e+05  -3.83582168749015e+01
   1.75571546594209e+05  -5.99302005968057e+05  -3.84313249889719e+01
   1.75904459072021e+05  -6.00442644105036e+05  -3.85044331030423e+01
   1.76237371549833e+05  -6.01583282242016e+05  -3.85775412171127e+01
   1.76570284027646e+05  -6.02723920378996e+05  -3.86506493311831e+01
   1.76903196505458e+05  -6.03864558515976e+05  -3.87237574452535e+01
   1.77236108983270e+05  -6.05005196652955e+05  -3.87968655593239e+01
   1.77569021461083e+05  -6.06145834789935e+05  -3.88699736733943e+01
   1.77901933938895e+05  -6.07286472926915e+05  -3.89430817874646e+01
   1.78234846416707e+05  -6.08427111063895e+05  -3.90161899015350e+01
   1.78567758894520e+05  -6.09567749200875e+05  -3.90892980156054e+01
   1.78900671372332e+05  -6.10708387337854e+05  -3.91624061296758e+01
   1.79233583850144e+05  -6.11849025474834e+05  -3.92355142437462e+01
   1.79566496327957e+05  -6.12989663611814e+05  -3.93086223578166e+01
   1.79899408805769e+05  -6.14130301748794e+05  -3.93817304718870e+01
   1.80232321283581e+05  -6.15270939885773e+05  -3.94548385859574e+01
   1.80565233761393e+05  -6.16411578022753e+05  -3.95279467000278e+01
   1.80898146239206e+05  -6.17552216159733e+05  -3.96010548140982e+01
   1.81231058717018e+05  -6.18692854296713e+05  -3.96741629281686e+01
   1.81563971194830e+05  -6.19833492433693e+05  -3.97472710422390e+01
   1.81896883672643e+05  -6.20974130570672e+05  -3.98203791563094e+01
   1.82229796150455e+05  -6.22114768707652e+05  -3.98934872703798e+01
   1.82562708628267e+05  -6.23255406844632e+05  -3.99665953844502e+01
   1.82895621106080e+05  -6.24396044981612e+05  -4.00397034985206e+01
   1.83228533583892e+05  -6.25536683118591e+05  -4.01128116125909e+01
   1.83561446061704e+05  -6.26677321255571e+05  -4.01859197266613e+01
   1.83894358539517e+05  -6.27817959392551e+05  -4.02590278407317e+01
   1.84227271017329e+05  -6.28958597529531e+05  -4.03321359548021e+01
   1.84560183495141e+05  -6.30099235666511e+05  -4.04052440688725e+01
   1.84893095972954e+05  -6.31239873803490e+05  -4.04783521829429e+01
   1.85226008450766e+05  -6.32380511940470e+05  -4.05514602970133e+01
   1.85558920928578e+05  -6.33521150077450e+05  -4.06245684110837e+01
   1.85891833406391e+05  -6.34661788214430e+05  -4.06976765251541e+01
   1.86224745884203e+05  -6.35802426351409e+05  -4.07707846392245e+01
   1.86557658362015e+05  -6.36943064488389e+05  -4.08438927532949e+01
   1.86890570839828e+05  -6.38083702625369e+05  -4.09170008673653e+01
   1.87223483317640e+05  -6.39224340762349e+05  -4.09901089814357e+01
   1.87556395795452e+05  -6.40364978899329e+05  -4.10632170955061e+01
   1.87889308273265e+05  -6.41505617036308e+05  -4.11363252095765e+01
   1.88222220751077e+05  -6.42646255173288e+05  -4.12094333236468e+01
   1.88555133228889e+05  -6.43786893310268e+05  -4.12825414377172e+01
   1.88888045706702e+05  -6.44927531447248e+05  -4.13556495517876e+01
   1.89220958184514e+05  -6.46068169584227e+05  -4.14287576658580e+01
   1.89553870662326e+05  -6.47208807721207e+05  -4.15018657799284e+01
   1.89886783140139e+05  -6.48349445858187e+05  -4.15749738939988e+01
   1.90219695617951e+05  -6.49490083995167e+05  -4.16480820080692e+01
   1.90552608095763e+05  -6.50630722132146e+05  -4.17211901221396e+01
   1.90885520573575e+05  -6.51771360269126e+05  -4.17942982362100e+01
   1.91218433051388e+05  -6.52911998406106e+05  -4.18674063502804e+01
   1.91551345529200e+05  -6.54052636543086e+05  -4.19405144643508e+01
   1.91884258007012e+05  -6.55193274680066e+05  -4.20136225784212e+01
   1.92217170484825e+05  -6.56333912817045e+05  -4.20867306924916e+01
   1.92550082962637e+05  -6.57474550954025e+05  -4.21598388065620e+01
   1.92882995440449e+05  -6.58615189091005e+05  -4.22329469206324e+01
   1.93215907918262e+05  -6.59755827227985e+05  -4.23060550347028e+01
   1.93548820396074e+05  -6.60896465364964e+05  -4.23791631487731e+01
   1.93881732873886e+05  -6.62037103501944e+05  -4.24522712628435e+01
   1.94214645351699e+05  -6.63177741638924e+05  -4.25253793769139e+01
   1.94547557829511e+05  -6.64318379775904e+05  -4.25984874909843e+01
   1.94880470307323e+05  -6.65459017912884e+05  -4.26715956050547e+01
   1.95213382785136e+05  -6.66599656049863e+05  -4.27447037191251e+01
   1.95546295262948e+05  -6.67740294186843e+05  -4.28178118331955e+01
   1.95879207740760e+05  -6.68880932323823e+05  -4.28909199472659e+01
   1.96212120218573e+05  -6.70021570460803e+05  -4.29640280613363e+01
   1.96545032696385e+05  -6.71162208597782e+05  -4.30371361754067e+01
   1.96877945174197e+05  -6.72302846734762e+05  -4.31102442894771e+01
   1.97210857652010e+05  -6.73443484871742e+05  -4.31833524035475e+01
   1.97543770129822e+05  -6.74584123008722e+05  -4.32564605176179e+01
   1.97876682607634e+05  -6.75724761145702e+05  -4.33295686316883e+01
   1.98209595085447e+05  -6.76865399282681e+05  -4.34026767457587e+01
   1.98542507563259e+05  -6.78006037419661e+05  -4.34757848598290e+01
   1.98875420041071e+05  -6.79146675556641e+05  -4.35488929738994e+01
   1.99208332518884e+05  -6.80287313693621e+05  -4.36220010879698e+01
   1.99541244996696e+05  -6.81427951830600e+05  -4.36951092020402e+01
   1.99874157474508e+05  -6.82568589967580e+05  -4.37682173161106e+01
   2.00207069952321e+05  -6.83709228104560e+05  -4.38413254301810e+01
   2.00539982430133e+05  -6.84849866241540e+05  -4.39144335442514e+01
   2.00872894907945e+05  -6.85990504378519e+05  -4.39875416583218e+01
   2.01205807385757e+05  -6.87131142515499e+05  -4.40606497723922e+01
   2.01538719863570e+05  -6.88271780652479e+05  -4.41337578864626e+01
   2.01871632341382e+05  -6.89412418789459e+05  -4.42068660005330e+01
   2.02204544819194e+05  -6.90553056926439e+05  -4.42799741146034e+01
   2.02537457297007e+05  -6.91693695063418e+05  -4.43530822286738e+01
   2.02870369774819e+05  -6.92834333200398e+05  -4.44261903427442e+01
   2.03203282252631e+05  -6.93974971337378e+05  -4.44992984568146e+01
   2.03536194730444e+05  -6.95115609474358e+05  -4.45724065708850e+01
   2.03869107208256e+05  -6.96256247611337e+05  -4.46455146849553e+01
   2.04202019686068e+05  -6.97396885748317e+05  -4.47186227990257e+01
   2.04534932163881e+05  -6.98537523885297e+05  -4.47917309130961e+01
   2.04867844641693e+05  -6.99678162022277e+05  -4.48648390271665e+01
   2.05200757119505e+05  -7.00818800159257e+05  -4.49379471412369e+01
   2.05533669597318e+05  -7.01959438296236e+05  -4.50110552553073e+01
   2.05866582075130e+05  -7.03100076433216e+05  -4.50841633693777e+01
   2.06199494552942e+05  -7.04240714570196e+05  -4.51572714834481e+01
   2.06532407030755e+05  -7.05381352707176e+05  -4.52303795975185e+01
   2.06865319508567e+05  -7.06521990844155e+05  -4.53034877115889e+01
   2.07198231986379e+05  -7.07662628981135e+05  -4.53765958256593e+01
   2.07531144464192e+05  -7.08803267118115e+05  -4.54497039397297e+01
   2.07864056942004e+05  -7.09943905255095e+05  -4.55228120538001e+01
   2.08196969419816e+05  -7.11084543392075e+05  -4.55959201678705e+01
   2.08529881897629e+05  -7.12225181529054e+05  -4.56690282819409e+01
   2.08862794375441e+05  -7.13365819666034e+05  -4.57421363960112e+01
   2.09195706853253e+05  -7.14506457803014e+05  -4.58152445100816e+01
   2.09528619331066e+05  -7.15647095939994e+05  -4.58883526241520e+01
   2.09861531808878e+05  -7.16787734076973e+05  -4.59614607382224e+01
   2.10194444286690e+05  -7.17928372213953e+05  -4.60345688522928e+01
   2.10527356764503e+05  -7.19069010350933e+05  -4.61076769663632e+01
   2.10860269242315e+05  -7.20209648487913e+05  -4.61807850804336e+01
   2.11193181720127e+05  -7.21350286624892e+05  -4.62538931945040e+01
   2.11526094197939e+05  -7.22490924761872e+05  -4.63270013085744e+01
   2.11859006675752e+05  -7.23631562898852e+05  -4.64001094226448e+01
   2.12191919153564e+05  -7.24772201035832e+05  -4.64732175367152e+01
   2.12524831631376e+05  -7.25912839172812e+05  -4.65463256507856e+01
   2.12857744109189e+05  -7.27053477309791e+05  -4.66194337648560e+01
   2.13190656587001e+05  -7.28194115446771e+05  -4.66925418789264e+01
   2.13523569064813e+05  -7.29334753583751e+05  -4.67656499929968e+01
   2.13856481542626e+05  -7.30475391720731e+05  -4.68387581070672e+01
   2.14189394020438e+05  -7.31616029857710e+05  -4.69118662211375e+01
   2.14522306498250e+05  -7.32756667994690e+05  -4.69849743352079e+01
   2.14855218976063e+05  -7.33897306131670e+05  -4.70580824492783e+01
   2.15188131453875e+05  -7.35037944268650e+05  -4.71311905633487e+01
   2.15521043931687e+05  -7.36178582405630e+05  -4.72042986774191e+01
   2.15853956409500e+05  -7.37319220542609e+05  -4.72774067914895e+01
   2.16186868887312e+05  -7.38459858679589e+05  -4.73505149055599e+01
   2.16519781365124e+05  -7.39600496816569e+05  -4.74236230196303e+01
   2.16852693842937e+05  -7.40741134953549e+05  -4.74967311337007e+01
   2.17185606320749e+05  -7.41881773090528e+05  -4.75698392477711e+01
   2.17518518798561e+05  -7.43022411227508e+05  -4.76429473618415e+01
   2.17851431276374e+05  -7.44163049364488e+05  -4.77160554759119e+01
   2.18184343754186e+05  -7.45303687501468e+05  -4.77891635899823e+01
   2.18517256231998e+05  -7.46444325638448e+05  -4.78622717040527e+01
   2.18850168709811e+05  -7.47584963775427e+05  -4.79353798181231e+01
   2.19183081187623e+05  -7.48725601912407e+05  -4.80084879321934e+01
   2.19515993665435e+05  -7.49866240049387e+05  -4.80815960462638e+01
   2.19848906143248e+05  -7.51006878186367e+05  -4.81547041603342e+01
   2.20181818621060e+05  -7.52147516323346e+05  -4.82278122744046e+01
   2.20514731098872e+05  -7.53288154460326e+05  -4.83009203884750e+01
   2.20847643576684e+05  -7.54428792597306e+05  -4.83740285025454e+01
   2.21180556054497e+05  -7.55569430734286e+05  -4.84471366166158e+01
   2.21513468532309e+05  -7.56710068871266e+05  -4.85202447306862e+01
   2.21846381010121e+05  -7.57850707008245e+05  -4.85933528447566e+01
   2.22179293487934e+05  -7.58991345145225e+05  -4.86664609588270e+01
   2.22512205965746e+05  -7.60131983282205e+05  -4.87395690728974e+01
   2.22845118443558e+05  -7.61272621419185e+05  -4.88126771869678e+01
   2.23178030921371e+05  -7.62413259556164e+05  -4.88857853010382e+01
   2.23510943399183e+05  -7.63553897693144e+05  -4.89588934151086e+01
   2.23843855876995e+05  -7.64694535830124e+05  -4.90320015291790e+01
   2.24176768354808e+05  -7.65835173967104e+05  -4.91051096432493e+01
   2.24509680832620e+05  -7.66975812104083e+05  -4.91782177573197e+01
   2.24842593310432e+05  -7.68116450241063e+05  -4.92513258713901e+01
   2.25175505788245e+05  -7.69257088378043e+05  -4.93244339854605e+01
   2.25508418266057e+05  -7.70397726515023e+05  -4.93975420995309e+01
   2.25841330743869e+05  -7.71538364652003e+05  -4.94706502136013e+01
   2.26174243221682e+05  -7.72679002788982e+05  -4.95437583276717e+01
   2.26507155699494e+05  -7.73819640925962e+05  -4.96168664417421e+01
   2.26840068177306e+05  -7.74960279062942e+05  -4.96899745558125e+01
   2.27172980655119e+05  -7.76100917199922e+05  -4.97630826698829e+01
   2.27505893132931e+05  -7.77241555336901e+05  -4.98361907839533e+01
   2.27838805610743e+05  -7.78382193473881e+05  -4.99092988980237e+01
   2.28171718088556e+05  -7.79522831610861e+05  -4.99824070120941e+01
   2.28504630566368e+05  -7.80663469747841e+05  -5.00555151261645e+01
   2.28837543044180e+05  -7.81804107884821e+05  -5.01286232402349e+01
   2.29170455521993e+05  -7.82944746021800e+05  -5.02017313543053e+01
   2.29503367999805e+05  -7.84085384158780e+05  -5.02748394683756e+01
   2.29836280477617e+05  -7.85226022295760e+05  -5.03479475824460e+01
   2.30169192955430e+05  -7.86366660432740e+05  -5.04210556965164e+01
   2.30502105433242e+05  -7.87507298569719e+05  -5.04941638105868e+01
   2.30835017911054e+05  -7.88647936706699e+05  -5.05672719246572e+01
   2.31167930388866e+05  -7.89788574843679e+05  -5.06403800387276e+01
   2.31500842866679e+05  -7.90929212980659e+05  -5.07134881527980e+01
   2.31833755344491e+05  -7.92069851117639e+05  -5.07865962668684e+01
   2.32166667822303e+05  -7.93210489254618e+05  -5.08597043809388e+01
   2.32499580300116e+05  -7.94351127391598e+05  -5.09328124950092e+01
   2.32832492777928e+05  -7.95491765528578e+05  -5.10059206090796e+01
   2.33165405255740e+05  -7.96632403665558e+05  -5.10790287231500e+01
   2.33498317733553e+05  -7.97773041802537e+05  -5.11521368372204e+01
   2.33831230211365e+05  -7.98913679939517e+05  -5.12252449512908e+01
   2.34164142689177e+05  -8.00054318076497e+05  -5.12983530653612e+01
   2.34497055166990e+05  -8.01194956213477e+05  -5.13714611794315e+01
   2.34829967644802e+05  -8.02335594350456e+05  -5.14445692935019e+01
   2.35162880122614e+05  -8.03476232487436e+05  -5.15176774075723e+01
   2.35495792600427e+05  -8.04616870624416e+05  -5.15907855216427e+01
   2.35828705078239e+05  -8.05757508761396e+05  -5.16638936357131e+01
   2.36161617556051e+05  -8.06898146898376e+05  -5.17370017497835e+01
   2.36494530033864e+05  -8.08038785035355e+05  -5.18101098638539e+01
   2.36827442511676e+05  -8.09179423172335e+05  -5.18832179779243e+01
   2.37160354989488e+05  -8.10320061309315e+05  -5.19563260919947e+01
   2.37493267467301e+05  -8.11460699446295e+05  -5.20294342060651e+01
   2.37826179945113e+05  -8.12601337583274e+05  -5.21025423201355e+01
   2.38159092422925e+05  -8.13741975720254e+05  -5.21756504342059e+01
   2.38492004900738e+05  -8.14882613857234e+05  -5.22487585482763e+01
   2.38824917378550e+05  -8.16023251994214e+05  -5.23218666623467e+01
   2.39157829856362e+05  -8.17163890131194e+05  -5.23949747764171e+01
   2.39490742334175e+05  -8.18304528268173e+05  -5.24680828904875e+01
   2.39823654811987e+05  -8.19445166405153e+05  -5.25411910045578e+01
   2.40156567289799e+05  -8.20585804542133e+05  -5.26142991186282e+01
   2.40489479767612e+05  -8.21726442679113e+05  -5.26874072326986e+01
   2.40822392245424e+05  -8.22867080816092e+05  -5.27605153467690e+01
   2.41155304723236e+05  -8.24007718953072e+05  -5.28336234608394e+01
   2.41488217201048e+05  -8.25148357090052e+05  -5.29067315749098e+01
   2.41821129678861e+05  -8.26288995227032e+05  -5.29798396889802e+01
   2.42154042156673e+05  -8.27429633364012e+05  -5.30529478030506e+01
   2.42486954634485e+05  -8.28570271500991e+05  -5.31260559171210e+01
   2.42819867112298e+05  -8.29710909637971e+05  -5.31991640311914e+01
   2.43152779590110e+05  -8.30851547774951e+05  -5.32722721452618e+01
   2.43485692067922e+05  -8.31992185911931e+05  -5.33453802593322e+01
   2.43818604545735e+05  -8.33132824048910e+05  -5.34184883734026e+01
   2.44151517023547e+05  -8.34273462185890e+05  -5.34915964874730e+01
   2.44484429501359e+05  -8.35414100322870e+05  -5.35647046015434e+01
   2.44817341979172e+05  -8.36554738459850e+05  -5.36378127156137e+01
   2.45150254456984e+05  -8.37695376596830e+05  -5.37109208296841e+01
   2.45483166934796e+05  -8.38836014733809e+05  -5.37840289437545e+01
   2.45816079412609e+05  -8.39976652870789e+05  -5.38571370578249e+01
   2.46148991890421e+05  -8.41117291007769e+05  -5.39302451718953e+01
   2.46481904368233e+05  -8.42257929144749e+05  -5.40033532859657e+01
   2.46814816846046e+05  -8.43398567281728e+05  -5.40764614000361e+01
   2.47147729323858e+05  -8.44539205418708e+05  -5.41495695141065e+01
   2.47480641801670e+05  -8.45679843555688e+05  -5.42226776281769e+01
   2.47813554279483e+05  -8.46820481692668e+05  -5.42957857422473e+01
   2.48146466757295e+05  -8.47961119829647e+05  -5.43688938563177e+01
   2.48479379235107e+05  -8.49101757966627e+05  -5.44420019703881e+01
   2.48812291712920e+05  -8.50242396103607e+05  -5.45151100844585e+01
   2.49145204190732e+05  -8.51383034240587e+05  -5.45882181985289e+01
   2.49478116668544e+05  -8.52523672377567e+05  -5.46613263125993e+01
   2.49811029146357e+05  -8.53664310514546e+05  -5.47344344266697e+01
   2.50143941624169e+05  -8.54804948651526e+05  -5.48075425407400e+01
   2.50476854101981e+05  -8.55945586788506e+05  -5.48806506548104e+01
   2.50809766579794e+05  -8.57086224925486e+05  -5.49537587688808e+01
   2.51142679057606e+05  -8.58226863062465e+05  -5.50268668829512e+01
   2.51475591535418e+05  -8.59367501199445e+05  -5.50999749970216e+01
   2.51808504013230e+05  -8.60508139336425e+05  -5.51730831110920e+01
   2.52141416491043e+05  -8.61648777473405e+05  -5.52461912251624e+01
   2.52474328968855e+05  -8.62789415610385e+05  -5.53192993392328e+01
   2.52807241446667e+05  -8.63930053747364e+05  -5.53924074533032e+01
   2.53140153924480e+05  -8.65070691884344e+05  -5.54655155673736e+01
   2.53473066402292e+05  -8.66211330021324e+05  -5.55386236814440e+01
   2.53805978880104e+05  -8.67351968158304e+05  -5.56117317955144e+01
   2.54138891357917e+05  -8.68492606295283e+05  -5.56848399095848e+01
   2.54471803835729e+05  -8.69633244432263e+05  -5.57579480236552e+01
   2.54804716313541e+05  -8.70773882569243e+05  -5.58310561377256e+01
   2.55137628791354e+05  -8.71914520706223e+05  -5.59041642517959e+01
   2.55470541269166e+05  -8.73055158843203e+05  -5.59772723658663e+01
   2.55803453746978e+05  -8.74195796980182e+05  -5.60503804799367e+01
   2.56136366224791e+05  -8.75336435117162e+05  -5.61234885940071e+01
   2.56469278702603e+05  -8.76477073254142e+05  -5.61965967080775e+01
   2.56802191180415e+05  -8.77617711391122e+05  -5.62697048221479e+01
   2.57135103658228e+05  -8.78758349528101e+05  -5.63428129362183e+01
   2.57468016136040e+05  -8.79898987665081e+05  -5.64159210502887e+01
   2.57800928613852e+05  -8.81039625802061e+05  -5.64890291643591e+01
   2.58133841091665e+05  -8.82180263939041e+05  -5.65621372784295e+01
   2.58466753569477e+05  -8.83320902076020e+05  -5.66352453924999e+01
   2.58799666047289e+05  -8.84461540213000e+05  -5.67083535065703e+01
   2.59132578525102e+05  -8.85602178349980e+05  -5.67814616206407e+01
   2.59465491002914e+05  -8.86742816486960e+05  -5.68545697347111e+01
   2.59798403480726e+05  -8.87883454623940e+05  -5.69276778487815e+01
   2.60131315958539e+05  -8.89024092760919e+05  -5.70007859628519e+01
   2.60464228436351e+05  -8.90164730897899e+05  -5.70738940769222e+01
   2.60797140914163e+05  -8.91305369034879e+05  -5.71470021909926e+01
   2.61130053391975e+05  -8.92446007171859e+05  -5.72201103050630e+01
   2.61462965869788e+05  -8.93586645308838e+05  -5.72932184191334e+01
   2.61795878347600e+05  -8.94727283445818e+05  -5.73663265332038e+01
   2.62128790825412e+05  -8.95867921582798e+05  -5.74394346472742e+01
   2.62461703303225e+05  -8.97008559719778e+05  -5.75125427613446e+01
   2.62794615781037e+05  -8.98149197856758e+05  -5.75856508754150e+01
   2.63127528258849e+05  -8.99289835993737e+05  -5.76587589894854e+01
   2.63460440736662e+05  -9.00430474130717e+05  -5.77318671035558e+01
   2.63793353214474e+05  -9.01571112267697e+05  -5.78049752176262e+01
   2.64126265692286e+05  -9.02711750404677e+05  -5.78780833316966e+01
   2.64459178170099e+05  -9.03852388541656e+05  -5.79511914457670e+01
   2.64792090647911e+05  -9.04993026678636e+05  -5.80242995598374e+01
   2.65125003125723e+05  -9.06133664815616e+05  -5.80974076739078e+01
   2.65457915603536e+05  -9.07274302952596e+05  -5.81705157879781e+01
   2.65790828081348e+05  -9.08414941089576e+05  -5.82436239020485e+01
   2.66123740559160e+05  -9.09555579226555e+05  -5.83167320161189e+01
   2.66456653036973e+05  -9.10696217363535e+05  -5.83898401301893e+01
   2.66789565514785e+05  -9.11836855500515e+05  -5.84629482442597e+01
   2.67122477992597e+05  -9.12977493637495e+05  -5.85360563583301e+01
   2.67455390470410e+05  -9.14118131774474e+05  -5.86091644724005e+01
   2.67788302948222e+05  -9.15258769911454e+05  -5.86822725864709e+01
   2.68121215426034e+05  -9.16399408048434e+05  -5.87553807005413e+01
   2.68454127903847e+05  -9.17540046185414e+05  -5.88284888146117e+01
   2.68787040381659e+05  -9.18680684322393e+05  -5.89015969286821e+01
   2.69119952859471e+05  -9.19821322459373e+05  -5.89747050427525e+01
   2.69452865337284e+05  -9.20961960596353e+05  -5.90478131568229e+01
   2.69785777815096e+05  -9.22102598733333e+05  -5.91209212708933e+01
   2.70118690292908e+05  -9.23243236870313e+05  -5.91940293849637e+01
   2.70451602770721e+05  -9.24383875007292e+05  -5.92671374990340e+01
   2.70784515248533e+05  -9.25524513144272e+05  -5.93402456131044e+01
   2.71117427726345e+05  -9.26665151281252e+05  -5.94133537271748e+01
   2.71450340204158e+05  -9.27805789418232e+05  -5.94864618412452e+01
   2.71783252681970e+05  -9.28946427555211e+05  -5.95595699553156e+01
   2.72116165159782e+05  -9.30087065692191e+05  -5.96326780693860e+01
   2.72449077637594e+05  -9.31227703829171e+05  -5.97057861834564e+01
   2.72781990115407e+05  -9.32368341966151e+05  -5.97788942975268e+01
   2.73114902593219e+05  -9.33508980103131e+05  -5.98520024115972e+01
   2.73447815071031e+05  -9.34649618240110e+05  -5.99251105256676e+01
   2.73780727548844e+05  -9.35790256377090e+05  -5.99982186397380e+01
   2.74113640026656e+05  -9.36930894514070e+05  -6.00713267538084e+01
   2.74446552504468e+05  -9.38071532651050e+05  -6.01444348678788e+01
   2.74779464982281e+05  -9.39212170788029e+05  -6.02175429819492e+01
   2.75112377460093e+05  -9.40352808925009e+05  -6.02906510960196e+01
   2.75445289937905e+05  -9.41493447061989e+05  -6.03637592100900e+01
   2.75778202415718e+05  -9.42634085198969e+05  -6.04368673241603e+01
   2.76111114893530e+05  -9.43774723335949e+05  -6.05099754382307e+01
   2.76444027371342e+05  -9.44915361472928e+05  -6.05830835523011e+01
   2.76776939849155e+05  -9.46055999609908e+05  -6.06561916663715e+01
   2.77109852326967e+05  -9.47196637746888e+05  -6.07292997804419e+01
   2.77442764804779e+05  -9.48337275883868e+05  -6.08024078945123e+01
   2.77775677282592e+05  -9.49477914020847e+05  -6.08755160085827e+01
   2.78108589760404e+05  -9.50618552157827e+05  -6.09486241226531e+01
   2.78441502238216e+05  -9.51759190294807e+05  -6.10217322367235e+01
   2.78774414716029e+05  -9.52899828431787e+05  -6.10948403507939e+01
   2.79107327193841e+05  -9.54040466568767e+05  -6.11679484648643e+01
   2.79440239671653e+05  -9.55181104705746e+05  -6.12410565789347e+01
   2.79773152149466e+05  -9.56321742842726e+05  -6.13141646930051e+01
   2.80106064627278e+05  -9.57462380979706e+05  -6.13872728070755e+01
   2.80438977105090e+05  -9.58603019116686e+05  -6.14603809211459e+01
   2.80771889582903e+05  -9.59743657253665e+05  -6.15334890352162e+01
   2.81104802060715e+05  -9.60884295390645e+05  -6.16065971492866e+01
   2.81437714538527e+05  -9.62024933527625e+05  -6.16797052633570e+01
   2.81770627016340e+05  -9.63165571664605e+05  -6.17528133774274e+01
   2.82103539494152e+05  -9.64306209801584e+05  -6.18259214914978e+01
   2.82436451971964e+05  -9.65446847938564e+05  -6.18990296055682e+01
   2.82769364449776e+05  -9.66587486075544e+05  -6.19721377196386e+01
   2.83102276927589e+05  -9.67728124212524e+05  -6.20452458337090e+01
   2.83435189405401e+05  -9.68868762349504e+05  -6.21183539477794e+01
   2.83768101883213e+05  -9.70009400486483e+05  -6.21914620618498e+01
   2.84101014361026e+05  -9.71150038623463e+05  -6.22645701759202e+01
   2.84433926838838e+05  -9.72290676760443e+05  -6.23376782899906e+01
   2.84766839316650e+05  -9.73431314897423e+05  -6.24107864040610e+01
   2.85099751794463e+05  -9.74571953034402e+05  -6.24838945181314e+01
   2.85432664272275e+05  -9.75712591171382e+05  -6.25570026322018e+01
   2.85765576750087e+05  -9.76853229308362e+05  -6.26301107462722e+01
   2.86098489227900e+05  -9.77993867445342e+05  -6.27032188603425e+01
   2.86431401705712e+05  -9.79134505582322e+05  -6.27763269744129e+01
   2.86764314183524e+05  -9.80275143719301e+05  -6.28494350884833e+01
   2.87097226661337e+05  -9.81415781856281e+05  -6.29225432025537e+01
   2.87430139139149e+05  -9.82556419993261e+05  -6.29956513166241e+01
   2.87763051616961e+05  -9.83697058130241e+05  -6.30687594306945e+01
   2.88095964094774e+05  -9.84837696267220e+05  -6.31418675447649e+01
   2.88428876572586e+05  -9.85978334404200e+05  -6.32149756588353e+01
   2.88761789050398e+05  -9.87118972541180e+05  -6.32880837729057e+01
   2.89094701528211e+05  -9.88259610678160e+05  -6.33611918869761e+01
   2.89427614006023e+05  -9.89400248815140e+05  -6.34343000010465e+01
   2.89760526483835e+05  -9.90540886952119e+05  -6.35074081151169e+01
   2.90093438961648e+05  -9.91681525089099e+05  -6.35805162291873e+01
   2.90426351439460e+05  -9.92822163226079e+05  -6.36536243432577e+01
   2.90759263917272e+05  -9.93962801363059e+05  -6.37267324573281e+01
   2.91092176395085e+05  -9.95103439500038e+05  -6.37998405713984e+01
   2.91425088872897e+05  -9.96244077637018e+05  -6.38729486854688e+01
   2.91758001350709e+05  -9.97384715773998e+05  -6.39460567995392e+01
   2.92090913828522e+05  -9.98525353910978e+05  -6.40191649136096e+01
   2.92423826306334e+05  -9.99665992047957e+05  -6.40922730276800e+01
   2.92756738784146e+05  -1.00080663018494e+06  -6.41653811417504e+01
   2.93089651261958e+05  -1.00194726832192e+06  -6.42384892558208e+01
   2.93422563739771e+05  -1.00308790645890e+06  -6.43115973698912e+01
   2.93755476217583e+05  -1.00422854459588e+06  -6.43847054839616e+01
   2.94088388695395e+05  -1.00536918273286e+06  -6.44578135980320e+01
   2.94421301173208e+05  -1.00650982086984e+06  -6.45309217121024e+01
   2.94754213651020e+05  -1.00765045900682e+06  -6.46040298261728e+01
   2.95087126128832e+05  -1.00879109714380e+06  -6.46771379402432e+01
   2.95420038606645e+05  -1.00993173528078e+06  -6.47502460543136e+01
   2.95752951084457e+05  -1.01107237341776e+06  -6.48233541683840e+01
   2.96085863562269e+05  -1.01221301155474e+06  -6.48964622824544e+01
   2.96418776040082e+05  -1.01335364969171e+06  -6.49695703965247e+01
   2.96751688517894e+05  -1.01449428782869e+06  -6.50426785105951e+01
   2.97084600995706e+05  -1.01563492596567e+06  -6.51157866246655e+01
   2.97417513473519e+05  -1.01677556410265e+06  -6.51888947387359e+01
   2.97750425951331e+05  -1.01791620223963e+06  -6.52620028528063e+01
   2.98083338429143e+05  -1.01905684037661e+06  -6.53351109668767e+01
   2.98416250906956e+05  -1.02019747851359e+06  -6.54082190809471e+01
   2.98749163384768e+05  -1.02133811665057e+06  -6.54813271950175e+01
   2.99082075862580e+05  -1.02247875478755e+06  -6.55544353090879e+01
   2.99414988340393e+05  -1.02361939292453e+06  -6.56275434231583e+01
   2.99747900818205e+05  -1.02476003106151e+06  -6.57006515372287e+01
   3.00080813296017e+05  -1.02590066919849e+06  -6.57737596512991e+01
   3.00413725773830e+05  -1.02704130733547e+06  -6.58468677653695e+01
   3.00746638251642e+05  -1.02818194547245e+06  -6.59199758794399e+01
   3.01079550729454e+05  -1.02932258360943e+06  -6.59930839935103e+01
   3.01412463207267e+05  -1.03046322174641e+06  -6.60661921075806e+01
   3.01745375685079e+05  -1.03160385988339e+06  -6.61393002216510e+01
   3.02078288162891e+05  -1.03274449802037e+06  -6.62124083357214e+01
   3.02411200640703e+05  -1.03388513615735e+06  -6.62855164497918e+01
   3.02744113118516e+05  -1.03502577429433e+06  -6.63586245638622e+01
   3.03077025596328e+05  -1.03616641243131e+06  -6.64317326779326e+01
   3.03409938074140e+05  -1.03730705056829e+06  -6.65048407920030e+01
   3.03742850551953e+05  -1.03844768870527e+06  -6.65779489060734e+01
   3.04075763029765e+05  -1.03958832684225e+06  -6.66510570201438e+01
   3.04408675507577e+05  -1.04072896497923e+06  -6.67241651342142e+01
   3.04741587985390e+05  -1.04186960311621e+06  -6.67972732482846e+01
   3.05074500463202e+05  -1.04301024125319e+06  -6.68703813623550e+01
   3.05407412941014e+05  -1.04415087939017e+06  -6.69434894764254e+01
   3.05740325418827e+05  -1.04529151752715e+06  -6.70165975904958e+01
   3.06073237896639e+05  -1.04643215566413e+06  -6.70897057045662e+01
   3.06406150374451e+05  -1.04757279380111e+06  -6.71628138186366e+01
   3.06739062852264e+05  -1.04871343193809e+06  -6.72359219327069e+01
   3.07071975330076e+05  -1.04985407007507e+06  -6.73090300467773e+01
   3.07404887807888e+05  -1.05099470821205e+06  -6.73821381608477e+01
   3.07737800285701e+05  -1.05213534634903e+06  -6.74552462749181e+01
   3.08070712763513e+05  -1.05327598448601e+06  -6.75283543889885e+01
   3.08403625241325e+05  -1.05441662262299e+06  -6.76014625030589e+01
   3.08736537719138e+05  -1.05555726075997e+06  -6.76745706171293e+01
   3.09069450196950e+05  -1.05669789889695e+06  -6.77476787311997e+01
   3.09402362674762e+05  -1.05783853703393e+06  -6.78207868452701e+01
   3.09735275152575e+05  -1.05897917517090e+06  -6.78938949593405e+01
   3.10068187630387e+05  -1.06011981330788e+06  -6.79670030734109e+01
   3.10401100108199e+05  -1.06126045144486e+06  -6.80401111874813e+01
   3.10734012586012e+05  -1.06240108958184e+06  -6.81132193015517e+01
   3.11066925063824e+05  -1.06354172771882e+06  -6.81863274156221e+01
   3.11399837541636e+05  -1.06468236585580e+06  -6.82594355296925e+01
   3.11732750019449e+05  -1.06582300399278e+06  -6.83325436437628e+01
   3.12065662497261e+05  -1.06696364212976e+06  -6.84056517578332e+01
   3.12398574975073e+05  -1.06810428026674e+06  -6.84787598719036e+01
   3.12731487452885e+05  -1.06924491840372e+06  -6.85518679859740e+01
   3.13064399930698e+05  -1.07038555654070e+06  -6.86249761000444e+01
   3.13397312408510e+05  -1.07152619467768e+06  -6.86980842141148e+01
   3.13730224886322e+05  -1.07266683281466e+06  -6.87711923281852e+01
   3.14063137364135e+05  -1.07380747095164e+06  -6.88443004422556e+01
   3.14396049841947e+05  -1.07494810908862e+06  -6.89174085563260e+01
   3.14728962319759e+05  -1.07608874722560e+06  -6.89905166703964e+01
   3.15061874797572e+05  -1.07722938536258e+06  -6.90636247844668e+01
   3.15394787275384e+05  -1.07837002349956e+06  -6.91367328985372e+01
   3.15727699753196e+05  -1.07951066163654e+06  -6.92098410126076e+01
   3.16060612231009e+05  -1.08065129977352e+06  -6.92829491266780e+01
   3.16393524708821e+05  -1.08179193791050e+06  -6.93560572407484e+01
   3.16726437186633e+05  -1.08293257604748e+06  -6.94291653548187e+01
   3.17059349664446e+05  -1.08407321418446e+06  -6.95022734688891e+01
   3.17392262142258e+05  -1.08521385232144e+06  -6.95753815829595e+01
   3.17725174620070e+05  -1.08635449045842e+06  -6.96484896970299e+01
   3.18058087097883e+05  -1.08749512859540e+06  -6.97215978111003e+01
   3.18390999575695e+05  -1.08863576673238e+06  -6.97947059251707e+01
   3.18723912053507e+05  -1.08977640486936e+06  -6.98678140392411e+01
   3.19056824531320e+05  -1.09091704300634e+06  -6.99409221533115e+01
   3.19389737009132e+05  -1.09205768114331e+06  -7.00140302673819e+01
   3.19722649486944e+05  -1.09319831928029e+06  -7.00871383814523e+01
   3.20055561964757e+05  -1.09433895741727e+06  -7.01602464955227e+01
   3.20388474442569e+05  -1.09547959555425e+06  -7.02333546095931e+01
   3.20721386920381e+05  -1.09662023369123e+06  -7.03064627236635e+01
   3.21054299398194e+05  -1.09776087182821e+06  -7.03795708377339e+01
   3.21387211876006e+05  -1.09890150996519e+06  -7.04526789518043e+01
   3.21720124353818e+05  -1.10004214810217e+06  -7.05257870658747e+01
   3.22053036831631e+05  -1.10118278623915e+06  -7.05988951799450e+01
   3.22385949309443e+05  -1.10232342437613e+06  -7.06720032940154e+01
   3.22718861787255e+05  -1.10346406251311e+06  -7.07451114080858e+01
   3.23051774265067e+05  -1.10460470065009e+06  -7.08182195221562e+01
   3.23384686742880e+05  -1.10574533878707e+06  -7.08913276362266e+01
   3.23717599220692e+05  -1.10688597692405e+06  -7.09644357502970e+01
   3.24050511698504e+05  -1.10802661506103e+06  -7.10375438643674e+01
   3.24383424176317e+05  -1.10916725319801e+06  -7.11106519784378e+01
   3.24716336654129e+05  -1.11030789133499e+06  -7.11837600925082e+01
   3.25049249131941e+05  -1.11144852947197e+06  -7.12568682065786e+01
   3.25382161609754e+05  -1.11258916760895e+06  -7.13299763206490e+01
   3.25715074087566e+05  -1.11372980574593e+06  -7.14030844347194e+01
   3.26047986565378e+05  -1.11487044388291e+06  -7.14761925487898e+01
   3.26380899043191e+05  -1.11601108201989e+06  -7.15493006628602e+01
   3.26713811521003e+05  -1.11715172015687e+06  -7.16224087769306e+01
   3.27046723998815e+05  -1.11829235829385e+06  -7.16955168910009e+01
   3.27379636476628e+05  -1.11943299643083e+06  -7.17686250050713e+01
   3.27712548954440e+05  -1.12057363456781e+06  -7.18417331191417e+01
   3.28045461432252e+05  -1.12171427270479e+06  -7.19148412332121e+01
   3.28378373910065e+05  -1.12285491084177e+06  -7.19879493472825e+01
   3.28711286387877e+05  -1.12399554897875e+06  -7.20610574613529e+01
   3.29044198865689e+05  -1.12513618711572e+06  -7.21341655754233e+01
   3.29377111343502e+05  -1.12627682525270e+06  -7.22072736894937e+01
   3.29710023821314e+05  -1.12741746338968e+06  -7.22803818035641e+01
