  -6.77012109406188e+00  -5.56646271332335e+00  -1.19865838073852e+01
  -4.86683428441098e+02  -2.65753428670570e+02   1.41870203800362e+03
  -9.66596735788135e+02  -5.25940394627817e+02   2.84939065981462e+03
  -1.44651004313517e+03  -7.86127360585064e+02   4.28007928162563e+03
  -1.92642335048221e+03  -1.04631432654231e+03   5.71076790343663e+03
  -2.40633665782924e+03  -1.30650129249956e+03   7.14145652524764e+03
  -2.88624996517628e+03  -1.56668825845681e+03   8.57214514705864e+03
  -3.36616327252332e+03  -1.82687522441405e+03   1.00028337688696e+04
  -3.84607657987035e+03  -2.08706219037130e+03   1.14335223906807e+04
  -4.32598988721739e+03  -2.34724915632855e+03   1.28642110124917e+04
  -4.80590319456443e+03  -2.60743612228579e+03   1.42948996343027e+04
  -5.28581650191146e+03  -2.86762308824304e+03   1.57255882561137e+04
  -5.76572980925850e+03  -3.12781005420029e+03   1.71562768779247e+04
  -6.24564311660554e+03  -3.38799702015754e+03   1.85869654997357e+04
  -6.72555642395257e+03  -3.64818398611478e+03   2.00176541215467e+04
  -7.20546973129961e+03  -3.90837095207203e+03   2.14483427433577e+04
  -7.68538303864665e+03  -4.16855791802928e+03   2.28790313651687e+04
  -8.16529634599368e+03  -4.42874488398652e+03   2.43097199869797e+04
  -8.64520965334072e+03  -4.68893184994377e+03   2.57404086087907e+04
  -9.12512296068776e+03  -4.94911881590102e+03   2.71710972306017e+04
  -9.60503626803479e+03  -5.20930578185826e+03   2.86017858524127e+04
  -1.00849495753818e+04  -5.46949274781551e+03   3.00324744742237e+04
  -1.05648628827289e+04  -5.72967971377276e+03   3.14631630960347e+04
  -1.10447761900759e+04  -5.98986667973000e+03   3.28938517178457e+04
  -1.15246894974229e+04  -6.25005364568725e+03   3.43245403396567e+04
  -1.20046028047700e+04  -6.51024061164450e+03   3.57552289614677e+04
  -1.24845161121170e+04  -6.77042757760174e+03   3.71859175832787e+04
  -1.29644294194640e+04  -7.03061454355899e+03   3.86166062050897e+04
  -1.34443427268111e+04  -7.29080150951624e+03   4.00472948269007e+04
  -1.39242560341581e+04  -7.55098847547348e+03   4.14779834487117e+04
  -1.44041693415052e+04  -7.81117544143073e+03   4.29086720705227e+04
  -1.48840826488522e+04  -8.07136240738798e+03   4.43393606923337e+04
  -1.53639959561992e+04  -8.33154937334522e+03   4.57700493141447e+04
  -1.58439092635463e+04  -8.59173633930247e+03   4.72007379359557e+04
  -1.63238225708933e+04  -8.85192330525972e+03   4.86314265577667e+04
  -1.68037358782403e+04  -9.11211027121697e+03   5.00621151795777e+04
  -1.72836491855874e+04  -9.37229723717421e+03   5.14928038013887e+04
  -1.77635624929344e+04  -9.63248420313146e+03   5.29234924231997e+04
  -1.82434758002814e+04  -9.89267116908871e+03   5.43541810450107e+04
  -1.87233891076285e+04  -1.01528581350460e+04   5.57848696668217e+04
  -1.92033024149755e+04  -1.04130451010032e+04   5.72155582886327e+04
  -1.96832157223226e+04  -1.06732320669605e+04   5.86462469104437e+04
  -2.01631290296696e+04  -1.09334190329177e+04   6.00769355322547e+04
  -2.06430423370166e+04  -1.11936059988749e+04   6.15076241540658e+04
  -2.11229556443637e+04  -1.14537929648322e+04   6.29383127758768e+04
  -2.16028689517107e+04  -1.17139799307894e+04   6.43690013976878e+04
  -2.20827822590577e+04  -1.19741668967467e+04   6.57996900194988e+04
  -2.25626955664048e+04  -1.22343538627039e+04   6.72303786413098e+04
  -2.30426088737518e+04  -1.24945408286612e+04   6.86610672631208e+04
  -2.35225221810989e+04  -1.27547277946184e+04   7.00917558849318e+04
  -2.40024354884459e+04  -1.30149147605757e+04   7.15224445067428e+04
  -2.44823487957929e+04  -1.32751017265329e+04   7.29531331285538e+04
  -2.49622621031400e+04  -1.35352886924902e+04   7.43838217503648e+04
  -2.54421754104870e+04  -1.37954756584474e+04   7.58145103721758e+04
  -2.59220887178340e+04  -1.40556626244047e+04   7.72451989939868e+04
  -2.64020020251811e+04  -1.43158495903619e+04   7.86758876157978e+04
  -2.68819153325281e+04  -1.45760365563192e+04   8.01065762376088e+04
  -2.73618286398751e+04  -1.48362235222764e+04   8.15372648594198e+04
  -2.78417419472222e+04  -1.50964104882337e+04   8.29679534812308e+04
  -2.83216552545692e+04  -1.53565974541909e+04   8.43986421030418e+04
  -2.88015685619163e+04  -1.56167844201482e+04   8.58293307248528e+04
  -2.92814818692633e+04  -1.58769713861054e+04   8.72600193466638e+04
  -2.97613951766103e+04  -1.61371583520627e+04   8.86907079684748e+04
  -3.02413084839574e+04  -1.63973453180199e+04   9.01213965902858e+04
  -3.07212217913044e+04  -1.66575322839771e+04   9.15520852120968e+04
  -3.12011350986514e+04  -1.69177192499344e+04   9.29827738339078e+04
  -3.16810484059985e+04  -1.71779062158916e+04   9.44134624557188e+04
  -3.21609617133455e+04  -1.74380931818489e+04   9.58441510775298e+04
  -3.26408750206925e+04  -1.76982801478061e+04   9.72748396993408e+04
  -3.31207883280396e+04  -1.79584671137634e+04   9.87055283211518e+04
  -3.36007016353866e+04  -1.82186540797206e+04   1.00136216942963e+05
  -3.40806149427337e+04  -1.84788410456779e+04   1.01566905564774e+05
  -3.45605282500807e+04  -1.87390280116351e+04   1.02997594186585e+05
  -3.50404415574277e+04  -1.89992149775924e+04   1.04428282808396e+05
  -3.55203548647748e+04  -1.92594019435496e+04   1.05858971430207e+05
  -3.60002681721218e+04  -1.95195889095069e+04   1.07289660052018e+05
  -3.64801814794688e+04  -1.97797758754641e+04   1.08720348673829e+05
  -3.69600947868159e+04  -2.00399628414214e+04   1.10151037295640e+05
  -3.74400080941629e+04  -2.03001498073786e+04   1.11581725917451e+05
  -3.79199214015099e+04  -2.05603367733359e+04   1.13012414539262e+05
  -3.83998347088570e+04  -2.08205237392931e+04   1.14443103161073e+05
  -3.88797480162040e+04  -2.10807107052504e+04   1.15873791782884e+05
  -3.93596613235511e+04  -2.13408976712076e+04   1.17304480404695e+05
  -3.98395746308981e+04  -2.16010846371649e+04   1.18735169026506e+05
  -4.03194879382451e+04  -2.18612716031221e+04   1.20165857648317e+05
  -4.07994012455922e+04  -2.21214585690793e+04   1.21596546270128e+05
  -4.12793145529392e+04  -2.23816455350366e+04   1.23027234891939e+05
  -4.17592278602862e+04  -2.26418325009938e+04   1.24457923513750e+05
  -4.22391411676333e+04  -2.29020194669511e+04   1.25888612135561e+05
  -4.27190544749803e+04  -2.31622064329083e+04   1.27319300757372e+05
  -4.31989677823274e+04  -2.34223933988656e+04   1.28749989379183e+05
  -4.36788810896744e+04  -2.36825803648228e+04   1.30180678000994e+05
  -4.41587943970214e+04  -2.39427673307801e+04   1.31611366622805e+05
  -4.46387077043685e+04  -2.42029542967373e+04   1.33042055244616e+05
  -4.51186210117155e+04  -2.44631412626946e+04   1.34472743866427e+05
  -4.55985343190625e+04  -2.47233282286518e+04   1.35903432488238e+05
  -4.60784476264096e+04  -2.49835151946091e+04   1.37334121110049e+05
  -4.65583609337566e+04  -2.52437021605663e+04   1.38764809731860e+05
  -4.70382742411036e+04  -2.55038891265236e+04   1.40195498353671e+05
  -4.75181875484507e+04  -2.57640760924808e+04   1.41626186975482e+05
