  -9.94032431986286e+05  -5.28433555638981e+05   3.10249152722514e+06
  -9.94032431986286e+05  -5.28433555638981e+05   3.10249152722514e+06
  -9.94032431986286e+05  -5.28433555638981e+05   3.10249152722514e+06
  -9.94032431986286e+05  -5.28433555638981e+05   3.10249152722514e+06
  -9.94032431986286e+05  -5.28433555638981e+05   3.10249152722514e+06
  -9.94032431986286e+05  -5.28433555638981e+05   3.10249152722514e+06
  -9.94032431986286e+05  -5.28433555638981e+05   3.10249152722514e+06
  -9.94032431986286e+05  -5.28433555638981e+05   3.10249152722514e+06
  -9.94032431986286e+05  -5.28433555638981e+05   3.10249152722514e+06
  -9.94032431986286e+05  -5.28433555638981e+05   3.10249152722514e+06
  -9.94032431986286e+05  -5.28433555638981e+05   3.10249152722514e+06
  -9.94032431986286e+05  -5.28433555638981e+05   3.10249152722514e+06
  -9.94032431986286e+05  -5.28433555638981e+05   3.10249152722514e+06
  -9.94032431986286e+05  -5.28433555638981e+05   3.10249152722514e+06
  -9.94032431986286e+05  -5.28433555638981e+05   3.10249152722514e+06
  -9.94032431986286e+05  -5.28433555638981e+05   3.10249152722514e+06
  -9.94032431986286e+05  -5.28433555638981e+05   3.10249152722514e+06
  -9.94032431986286e+05  -5.28433555638981e+05   3.10249152722514e+06
  -9.94032431986286e+05  -5.28433555638981e+05   3.10249152722514e+06
  -9.94032431986286e+05  -5.28433555638981e+05   3.10249152722514e+06
  -9.94032431986286e+05  -5.28433555638981e+05   3.10249152722514e+06
  -9.94032431986286e+05  -5.28433555638981e+05   3.10249152722514e+06
  -9.94032431986286e+05  -5.28433555638981e+05   3.10249152722514e+06
  -9.94032431986286e+05  -5.28433555638981e+05   3.10249152722514e+06
  -9.94032431986286e+05  -5.28433555638981e+05   3.10249152722514e+06
  -9.94032431986286e+05  -5.28433555638981e+05   3.10249152722514e+06
  -9.94032431986286e+05  -5.28433555638981e+05   3.10249152722514e+06
  -9.94032431986286e+05  -5.28433555638981e+05   3.10249152722514e+06
  -9.94032431986286e+05  -5.28433555638981e+05   3.10249152722514e+06
  -9.94032431986286e+05  -5.28433555638981e+05   3.10249152722514e+06
  -9.94032431986286e+05  -5.28433555638981e+05   3.10249152722514e+06
  -9.94032431986286e+05  -5.28433555638981e+05   3.10249152722514e+06
  -9.94032431986286e+05  -5.28433555638981e+05   3.10249152722514e+06
  -9.94032431986286e+05  -5.28433555638981e+05   3.10249152722514e+06
  -9.94032431986286e+05  -5.28433555638981e+05   3.10249152722514e+06
  -9.94032431986286e+05  -5.28433555638981e+05   3.10249152722514e+06
  -9.94032431986286e+05  -5.28433555638981e+05   3.10249152722514e+06
  -9.94032431986286e+05  -5.28433555638981e+05   3.10249152722514e+06
  -9.94032431986286e+05  -5.28433555638981e+05   3.10249152722514e+06
  -9.94032431986286e+05  -5.28433555638981e+05   3.10249152722514e+06
  -9.94032431986286e+05  -5.28433555638981e+05   3.10249152722514e+06
  -9.94032431986286e+05  -5.28433555638981e+05   3.10249152722514e+06
  -9.94032431986286e+05  -5.28433555638981e+05   3.10249152722514e+06
  -9.94032431986286e+05  -5.28433555638981e+05   3.10249152722514e+06
  -9.94032431986286e+05  -5.28433555638981e+05   3.10249152722514e+06
  -9.94032431986286e+05  -5.28433555638981e+05   3.10249152722514e+06
  -9.94032431986286e+05  -5.28433555638981e+05   3.10249152722514e+06
  -9.94032431986286e+05  -5.28433555638981e+05   3.10249152722514e+06
  -9.94032431986286e+05  -5.28433555638981e+05   3.10249152722514e+06
  -9.94032431986286e+05  -5.28433555638981e+05   3.10249152722514e+06
