  -2.66804843762475e+01  -2.18658508532934e+01  -4.81463352295409e+01
  -7.00007166894863e+03  -4.66755817234443e+03   2.30843032898942e+04
  -1.39734628535210e+04  -9.31325049383557e+03   4.62167529150180e+04
  -2.09468540380934e+04  -1.39589428153267e+04   6.93492025401418e+04
  -2.79202452226658e+04  -1.86046351368178e+04   9.24816521652656e+04
  -3.48936364072381e+04  -2.32503274583090e+04   1.15614101790389e+05
  -4.18670275918105e+04  -2.78960197798001e+04   1.38746551415513e+05
  -4.88404187763829e+04  -3.25417121012913e+04   1.61879001040637e+05
  -5.58138099609553e+04  -3.71874044227824e+04   1.85011450665761e+05
  -6.27872011455277e+04  -4.18330967442735e+04   2.08143900290885e+05
  -6.97605923301000e+04  -4.64787890657647e+04   2.31276349916008e+05
  -7.67339835146724e+04  -5.11244813872558e+04   2.54408799541132e+05
  -8.37073746992448e+04  -5.57701737087469e+04   2.77541249166256e+05
  -9.06807658838172e+04  -6.04158660302381e+04   3.00673698791380e+05
  -9.76541570683895e+04  -6.50615583517292e+04   3.23806148416503e+05
  -1.04627548252962e+05  -6.97072506732204e+04   3.46938598041627e+05
  -1.11600939437534e+05  -7.43529429947115e+04   3.70071047666751e+05
  -1.18574330622107e+05  -7.89986353162026e+04   3.93203497291875e+05
  -1.25547721806679e+05  -8.36443276376938e+04   4.16335946916998e+05
  -1.32521112991251e+05  -8.82900199591849e+04   4.39468396542122e+05
  -1.39494504175824e+05  -9.29357122806760e+04   4.62600846167246e+05
  -1.46467895360396e+05  -9.75814046021672e+04   4.85733295792370e+05
  -1.53441286544969e+05  -1.02227096923658e+05   5.08865745417493e+05
  -1.60414677729541e+05  -1.06872789245149e+05   5.31998195042617e+05
  -1.67388068914113e+05  -1.11518481566641e+05   5.55130644667741e+05
  -1.74361460098686e+05  -1.16164173888132e+05   5.78263094292865e+05
  -1.81334851283258e+05  -1.20809866209623e+05   6.01395543917989e+05
  -1.88308242467831e+05  -1.25455558531114e+05   6.24527993543112e+05
  -1.95281633652403e+05  -1.30101250852605e+05   6.47660443168236e+05
  -2.02255024836975e+05  -1.34746943174096e+05   6.70792892793360e+05
  -2.09228416021548e+05  -1.39392635495587e+05   6.93925342418484e+05
  -2.16201807206120e+05  -1.44038327817079e+05   7.17057792043607e+05
  -2.23175198390693e+05  -1.48684020138570e+05   7.40190241668731e+05
  -2.30148589575265e+05  -1.53329712460061e+05   7.63322691293855e+05
  -2.37121980759837e+05  -1.57975404781552e+05   7.86455140918979e+05
  -2.44095371944410e+05  -1.62621097103043e+05   8.09587590544102e+05
  -2.51068763128982e+05  -1.67266789424534e+05   8.32720040169226e+05
  -2.58042154313554e+05  -1.71912481746025e+05   8.55852489794350e+05
  -2.65015545498127e+05  -1.76558174067517e+05   8.78984939419474e+05
  -2.71988936682699e+05  -1.81203866389008e+05   9.02117389044597e+05
  -2.78962327867272e+05  -1.85849558710499e+05   9.25249838669721e+05
  -2.85935719051844e+05  -1.90495251031990e+05   9.48382288294845e+05
  -2.92909110236416e+05  -1.95140943353481e+05   9.71514737919969e+05
  -2.99882501420989e+05  -1.99786635674972e+05   9.94647187545092e+05
  -3.06855892605561e+05  -2.04432327996463e+05   1.01777963717022e+06
  -3.13829283790133e+05  -2.09078020317954e+05   1.04091208679534e+06
  -3.20802674974706e+05  -2.13723712639446e+05   1.06404453642046e+06
  -3.27776066159278e+05  -2.18369404960937e+05   1.08717698604559e+06
  -3.34749457343851e+05  -2.23015097282428e+05   1.11030943567071e+06
  -3.41722848528423e+05  -2.27660789603919e+05   1.13344188529584e+06
