  -3.74804843762475e-01  -3.26658508532934e-01  -3.91463352295409e-01
  -2.09752249691986e+00  -6.78145213411806e-01   1.00182587437865e+00
  -9.71578105057886e+00   1.48498482448583e+00  -2.42830933789352e+00
  -3.55156629806520e+01   2.55625052303964e+01   5.83297499215891e+00
  -8.88507772510641e+01   1.73285561157179e+02  -1.39893776135898e+01
  -4.61668279072200e-01   8.66556367538050e+02   3.35419962043145e+01
   1.75573849134985e+03   3.43312225869764e+03  -8.04190493298727e+01
   3.51193865097876e+03   5.99968814985722e+03  -1.94380094864060e+02
   5.26813881060768e+03   8.56625404101681e+03  -3.08341140398247e+02
   7.02433897023660e+03   1.11328199321764e+04  -4.22302185932435e+02
   8.78053912986552e+03   1.36993858233360e+04  -5.36263231466622e+02
   1.05367392894944e+04   1.62659517144956e+04  -6.50224277000809e+02
   1.22929394491234e+04   1.88325176056551e+04  -7.64185322534996e+02
   1.40491396087523e+04   2.13990834968147e+04  -8.78146368069184e+02
   1.58053397683812e+04   2.39656493879743e+04  -9.92107413603371e+02
   1.75615399280101e+04   2.65322152791339e+04  -1.10606845913756e+03
   1.93177400876390e+04   2.90987811702935e+04  -1.22002950467175e+03
   2.10739402472680e+04   3.16653470614531e+04  -1.33399055020593e+03
   2.28301404068969e+04   3.42319129526127e+04  -1.44795159574012e+03
   2.45863405665258e+04   3.67984788437722e+04  -1.56191264127431e+03
   2.63425407261547e+04   3.93650447349318e+04  -1.67587368680849e+03
   2.80987408857836e+04   4.19316106260914e+04  -1.78983473234268e+03
   2.98549410454126e+04   4.44981765172510e+04  -1.90379577787687e+03
   3.16111412050415e+04   4.70647424084106e+04  -2.01775682341106e+03
   3.33673413646704e+04   4.96313082995702e+04  -2.13171786894524e+03
   3.51235415242993e+04   5.21978741907297e+04  -2.24567891447943e+03
   3.68797416839282e+04   5.47644400818893e+04  -2.35963996001362e+03
   3.86359418435571e+04   5.73310059730489e+04  -2.47360100554780e+03
   4.03921420031861e+04   5.98975718642085e+04  -2.58756205108199e+03
   4.21483421628150e+04   6.24641377553681e+04  -2.70152309661618e+03
   4.39045423224439e+04   6.50307036465276e+04  -2.81548414215037e+03
   4.56607424820728e+04   6.75972695376872e+04  -2.92944518768455e+03
   4.74169426417017e+04   7.01638354288468e+04  -3.04340623321874e+03
   4.91731428013307e+04   7.27304013200064e+04  -3.15736727875293e+03
   5.09293429609596e+04   7.52969672111660e+04  -3.27132832428711e+03
   5.26855431205885e+04   7.78635331023256e+04  -3.38528936982130e+03
   5.44417432802174e+04   8.04300989934851e+04  -3.49925041535549e+03
   5.61979434398463e+04   8.29966648846447e+04  -3.61321146088968e+03
   5.79541435994753e+04   8.55632307758043e+04  -3.72717250642386e+03
   5.97103437591042e+04   8.81297966669639e+04  -3.84113355195805e+03
   6.14665439187331e+04   9.06963625581235e+04  -3.95509459749224e+03
   6.32227440783620e+04   9.32629284492830e+04  -4.06905564302643e+03
   6.49789442379909e+04   9.58294943404426e+04  -4.18301668856061e+03
   6.67351443976198e+04   9.83960602316022e+04  -4.29697773409480e+03
   6.84913445572488e+04   1.00962626122762e+05  -4.41093877962899e+03
   7.02475447168777e+04   1.03529192013921e+05  -4.52489982516317e+03
   7.20037448765066e+04   1.06095757905081e+05  -4.63886087069736e+03
   7.37599450361355e+04   1.08662323796241e+05  -4.75282191623155e+03
   7.55161451957644e+04   1.11228889687400e+05  -4.86678296176574e+03
   7.72723453553934e+04   1.13795455578560e+05  -4.98074400729992e+03
   7.90285455150223e+04   1.16362021469719e+05  -5.09470505283411e+03
   8.07847456746512e+04   1.18928587360879e+05  -5.20866609836830e+03
   8.25409458342801e+04   1.21495153252038e+05  -5.32262714390248e+03
   8.42971459939090e+04   1.24061719143198e+05  -5.43658818943667e+03
   8.60533461535380e+04   1.26628285034358e+05  -5.55054923497086e+03
   8.78095463131669e+04   1.29194850925517e+05  -5.66451028050505e+03
   8.95657464727958e+04   1.31761416816677e+05  -5.77847132603923e+03
   9.13219466324247e+04   1.34327982707836e+05  -5.89243237157342e+03
   9.30781467920536e+04   1.36894548598996e+05  -6.00639341710761e+03
   9.48343469516826e+04   1.39461114490156e+05  -6.12035446264179e+03
   9.65905471113115e+04   1.42027680381315e+05  -6.23431550817598e+03
   9.83467472709404e+04   1.44594246272475e+05  -6.34827655371017e+03
   1.00102947430569e+05   1.47160812163634e+05  -6.46223759924436e+03
   1.01859147590198e+05   1.49727378054794e+05  -6.57619864477854e+03
   1.03615347749827e+05   1.52293943945953e+05  -6.69015969031273e+03
   1.05371547909456e+05   1.54860509837113e+05  -6.80412073584692e+03
   1.07127748069085e+05   1.57427075728273e+05  -6.91808178138110e+03
   1.08883948228714e+05   1.59993641619432e+05  -7.03204282691529e+03
   1.10640148388343e+05   1.62560207510592e+05  -7.14600387244948e+03
   1.12396348547972e+05   1.65126773401751e+05  -7.25996491798367e+03
   1.14152548707601e+05   1.67693339292911e+05  -7.37392596351785e+03
   1.15908748867230e+05   1.70259905184071e+05  -7.48788700905204e+03
   1.17664949026859e+05   1.72826471075230e+05  -7.60184805458623e+03
   1.19421149186487e+05   1.75393036966390e+05  -7.71580910012041e+03
   1.21177349346116e+05   1.77959602857549e+05  -7.82977014565460e+03
   1.22933549505745e+05   1.80526168748709e+05  -7.94373119118879e+03
   1.24689749665374e+05   1.83092734639868e+05  -8.05769223672298e+03
   1.26445949825003e+05   1.85659300531028e+05  -8.17165328225716e+03
   1.28202149984632e+05   1.88225866422188e+05  -8.28561432779135e+03
   1.29958350144261e+05   1.90792432313347e+05  -8.39957537332554e+03
   1.31714550303890e+05   1.93358998204507e+05  -8.51353641885973e+03
   1.33470750463519e+05   1.95925564095666e+05  -8.62749746439391e+03
   1.35226950623148e+05   1.98492129986826e+05  -8.74145850992810e+03
   1.36983150782777e+05   2.01058695877986e+05  -8.85541955546229e+03
   1.38739350942405e+05   2.03625261769145e+05  -8.96938060099648e+03
   1.40495551102034e+05   2.06191827660305e+05  -9.08334164653067e+03
   1.42251751261663e+05   2.08758393551464e+05  -9.19730269206486e+03
   1.44007951421292e+05   2.11324959442624e+05  -9.31126373759904e+03
   1.45764151580921e+05   2.13891525333783e+05  -9.42522478313323e+03
   1.47520351740550e+05   2.16458091224943e+05  -9.53918582866742e+03
   1.49276551900179e+05   2.19024657116103e+05  -9.65314687420161e+03
   1.51032752059808e+05   2.21591223007262e+05  -9.76710791973580e+03
   1.52788952219437e+05   2.24157788898422e+05  -9.88106896526998e+03
   1.54545152379066e+05   2.26724354789581e+05  -9.99503001080417e+03
   1.56301352538695e+05   2.29290920680741e+05  -1.01089910563384e+04
   1.58057552698323e+05   2.31857486571900e+05  -1.02229521018725e+04
   1.59813752857952e+05   2.34424052463060e+05  -1.03369131474067e+04
   1.61569953017581e+05   2.36990618354220e+05  -1.04508741929409e+04
   1.63326153177210e+05   2.39557184245379e+05  -1.05648352384751e+04
   1.65082353336839e+05   2.42123750136539e+05  -1.06787962840093e+04
   1.66838553496468e+05   2.44690316027698e+05  -1.07927573295435e+04
   1.68594753656097e+05   2.47256881918858e+05  -1.09067183750777e+04
   1.70350953815726e+05   2.49823447810018e+05  -1.10206794206119e+04
   1.72107153975355e+05   2.52390013701177e+05  -1.11346404661461e+04
   1.73863354134984e+05   2.54956579592337e+05  -1.12486015116802e+04
   1.75619554294612e+05   2.57523145483496e+05  -1.13625625572144e+04
   1.77375754454241e+05   2.60089711374656e+05  -1.14765236027486e+04
   1.79131954613870e+05   2.62656277265815e+05  -1.15904846482828e+04
   1.80888154773499e+05   2.65222843156975e+05  -1.17044456938170e+04
   1.82644354933128e+05   2.67789409048135e+05  -1.18184067393512e+04
   1.84400555092757e+05   2.70355974939294e+05  -1.19323677848854e+04
   1.86156755252386e+05   2.72922540830454e+05  -1.20463288304196e+04
   1.87912955412015e+05   2.75489106721613e+05  -1.21602898759537e+04
   1.89669155571644e+05   2.78055672612773e+05  -1.22742509214879e+04
   1.91425355731273e+05   2.80622238503933e+05  -1.23882119670221e+04
   1.93181555890902e+05   2.83188804395092e+05  -1.25021730125563e+04
   1.94937756050530e+05   2.85755370286252e+05  -1.26161340580905e+04
   1.96693956210159e+05   2.88321936177411e+05  -1.27300951036247e+04
   1.98450156369788e+05   2.90888502068571e+05  -1.28440561491589e+04
   2.00206356529417e+05   2.93455067959730e+05  -1.29580171946931e+04
   2.01962556689046e+05   2.96021633850890e+05  -1.30719782402273e+04
   2.03718756848675e+05   2.98588199742050e+05  -1.31859392857614e+04
   2.05474957008304e+05   3.01154765633209e+05  -1.32999003312956e+04
   2.07231157167933e+05   3.03721331524369e+05  -1.34138613768298e+04
   2.08987357327562e+05   3.06287897415528e+05  -1.35278224223640e+04
   2.10743557487191e+05   3.08854463306688e+05  -1.36417834678982e+04
   2.12499757646819e+05   3.11421029197848e+05  -1.37557445134324e+04
   2.14255957806448e+05   3.13987595089007e+05  -1.38697055589666e+04
   2.16012157966077e+05   3.16554160980167e+05  -1.39836666045008e+04
   2.17768358125706e+05   3.19120726871326e+05  -1.40976276500349e+04
   2.19524558285335e+05   3.21687292762486e+05  -1.42115886955691e+04
   2.21280758444964e+05   3.24253858653645e+05  -1.43255497411033e+04
   2.23036958604593e+05   3.26820424544805e+05  -1.44395107866375e+04
   2.24793158764222e+05   3.29386990435965e+05  -1.45534718321717e+04
   2.26549358923851e+05   3.31953556327124e+05  -1.46674328777059e+04
   2.28305559083480e+05   3.34520122218284e+05  -1.47813939232401e+04
   2.30061759243109e+05   3.37086688109443e+05  -1.48953549687743e+04
   2.31817959402737e+05   3.39653254000603e+05  -1.50093160143084e+04
   2.33574159562366e+05   3.42219819891763e+05  -1.51232770598426e+04
   2.35330359721995e+05   3.44786385782922e+05  -1.52372381053768e+04
   2.37086559881624e+05   3.47352951674082e+05  -1.53511991509110e+04
   2.38842760041253e+05   3.49919517565241e+05  -1.54651601964452e+04
   2.40598960200882e+05   3.52486083456401e+05  -1.55791212419794e+04
   2.42355160360511e+05   3.55052649347560e+05  -1.56930822875136e+04
   2.44111360520140e+05   3.57619215238720e+05  -1.58070433330478e+04
   2.45867560679769e+05   3.60185781129880e+05  -1.59210043785820e+04
   2.47623760839398e+05   3.62752347021039e+05  -1.60349654241161e+04
   2.49379960999026e+05   3.65318912912199e+05  -1.61489264696503e+04
   2.51136161158655e+05   3.67885478803358e+05  -1.62628875151845e+04
   2.52892361318284e+05   3.70452044694518e+05  -1.63768485607187e+04
   2.54648561477913e+05   3.73018610585677e+05  -1.64908096062529e+04
   2.56404761637542e+05   3.75585176476837e+05  -1.66047706517871e+04
   2.58160961797171e+05   3.78151742367997e+05  -1.67187316973213e+04
   2.59917161956800e+05   3.80718308259156e+05  -1.68326927428555e+04
   2.61673362116429e+05   3.83284874150316e+05  -1.69466537883896e+04
   2.63429562276058e+05   3.85851440041475e+05  -1.70606148339238e+04
   2.65185762435687e+05   3.88418005932635e+05  -1.71745758794580e+04
   2.66941962595316e+05   3.90984571823795e+05  -1.72885369249922e+04
   2.68698162754945e+05   3.93551137714954e+05  -1.74024979705264e+04
   2.70454362914573e+05   3.96117703606114e+05  -1.75164590160606e+04
   2.72210563074202e+05   3.98684269497273e+05  -1.76304200615948e+04
   2.73966763233831e+05   4.01250835388433e+05  -1.77443811071289e+04
   2.75722963393460e+05   4.03817401279592e+05  -1.78583421526631e+04
   2.77479163553089e+05   4.06383967170752e+05  -1.79723031981973e+04
   2.79235363712718e+05   4.08950533061912e+05  -1.80862642437315e+04
   2.80991563872347e+05   4.11517098953071e+05  -1.82002252892657e+04
   2.82747764031976e+05   4.14083664844231e+05  -1.83141863347999e+04
   2.84503964191605e+05   4.16650230735390e+05  -1.84281473803341e+04
   2.86260164351234e+05   4.19216796626550e+05  -1.85421084258682e+04
   2.88016364510863e+05   4.21783362517710e+05  -1.86560694714024e+04
   2.89772564670492e+05   4.24349928408869e+05  -1.87700305169366e+04
   2.91528764830121e+05   4.26916494300029e+05  -1.88839915624708e+04
   2.93284964989750e+05   4.29483060191188e+05  -1.89979526080050e+04
   2.95041165149379e+05   4.32049626082348e+05  -1.91119136535392e+04
   2.96797365309007e+05   4.34616191973507e+05  -1.92258746990734e+04
   2.98553565468636e+05   4.37182757864667e+05  -1.93398357446075e+04
   3.00309765628265e+05   4.39749323755827e+05  -1.94537967901417e+04
   3.02065965787894e+05   4.42315889646986e+05  -1.95677578356759e+04
   3.03822165947523e+05   4.44882455538146e+05  -1.96817188812101e+04
   3.05578366107152e+05   4.47449021429305e+05  -1.97956799267443e+04
   3.07334566266781e+05   4.50015587320465e+05  -1.99096409722785e+04
   3.09090766426410e+05   4.52582153211625e+05  -2.00236020178127e+04
   3.10846966586039e+05   4.55148719102784e+05  -2.01375630633469e+04
   3.12603166745668e+05   4.57715284993944e+05  -2.02515241088810e+04
   3.14359366905297e+05   4.60281850885103e+05  -2.03654851544152e+04
   3.16115567064926e+05   4.62848416776263e+05  -2.04794461999494e+04
   3.17871767224555e+05   4.65414982667422e+05  -2.05934072454836e+04
   3.19627967384184e+05   4.67981548558582e+05  -2.07073682910178e+04
   3.21384167543813e+05   4.70548114449742e+05  -2.08213293365520e+04
   3.23140367703441e+05   4.73114680340901e+05  -2.09352903820862e+04
   3.24896567863070e+05   4.75681246232061e+05  -2.10492514276203e+04
   3.26652768022699e+05   4.78247812123220e+05  -2.11632124731545e+04
   3.28408968182328e+05   4.80814378014380e+05  -2.12771735186887e+04
   3.30165168341957e+05   4.83380943905540e+05  -2.13911345642229e+04
   3.31921368501586e+05   4.85947509796699e+05  -2.15050956097571e+04
   3.33677568661215e+05   4.88514075687859e+05  -2.16190566552913e+04
   3.35433768820844e+05   4.91080641579018e+05  -2.17330177008255e+04
   3.37189968980473e+05   4.93647207470178e+05  -2.18469787463596e+04
   3.38946169140102e+05   4.96213773361337e+05  -2.19609397918938e+04
   3.40702369299731e+05   4.98780339252497e+05  -2.20749008374280e+04
   3.42458569459360e+05   5.01346905143657e+05  -2.21888618829622e+04
   3.44214769618989e+05   5.03913471034816e+05  -2.23028229284964e+04
   3.45970969778618e+05   5.06480036925976e+05  -2.24167839740306e+04
   3.47727169938247e+05   5.09046602817135e+05  -2.25307450195648e+04
   3.49483370097875e+05   5.11613168708295e+05  -2.26447060650990e+04
   3.51239570257504e+05   5.14179734599455e+05  -2.27586671106331e+04
   3.52995770417133e+05   5.16746300490614e+05  -2.28726281561673e+04
   3.54751970576762e+05   5.19312866381774e+05  -2.29865892017015e+04
   3.56508170736391e+05   5.21879432272933e+05  -2.31005502472357e+04
   3.58264370896020e+05   5.24445998164093e+05  -2.32145112927699e+04
   3.60020571055649e+05   5.27012564055252e+05  -2.33284723383041e+04
   3.61776771215278e+05   5.29579129946412e+05  -2.34424333838383e+04
   3.63532971374907e+05   5.32145695837572e+05  -2.35563944293724e+04
   3.65289171534536e+05   5.34712261728731e+05  -2.36703554749066e+04
   3.67045371694165e+05   5.37278827619891e+05  -2.37843165204408e+04
   3.68801571853794e+05   5.39845393511050e+05  -2.38982775659750e+04
   3.70557772013423e+05   5.42411959402210e+05  -2.40122386115092e+04
   3.72313972173052e+05   5.44978525293370e+05  -2.41261996570434e+04
   3.74070172332681e+05   5.47545091184529e+05  -2.42401607025776e+04
   3.75826372492309e+05   5.50111657075689e+05  -2.43541217481117e+04
   3.77582572651938e+05   5.52678222966848e+05  -2.44680827936459e+04
   3.79338772811567e+05   5.55244788858008e+05  -2.45820438391801e+04
   3.81094972971196e+05   5.57811354749167e+05  -2.46960048847143e+04
   3.82851173130825e+05   5.60377920640327e+05  -2.48099659302485e+04
   3.84607373290454e+05   5.62944486531487e+05  -2.49239269757827e+04
   3.86363573450083e+05   5.65511052422646e+05  -2.50378880213169e+04
   3.88119773609712e+05   5.68077618313806e+05  -2.51518490668510e+04
   3.89875973769341e+05   5.70644184204965e+05  -2.52658101123852e+04
   3.91632173928970e+05   5.73210750096125e+05  -2.53797711579194e+04
   3.93388374088599e+05   5.75777315987285e+05  -2.54937322034536e+04
   3.95144574248228e+05   5.78343881878444e+05  -2.56076932489878e+04
   3.96900774407857e+05   5.80910447769604e+05  -2.57216542945220e+04
   3.98656974567486e+05   5.83477013660763e+05  -2.58356153400562e+04
   4.00413174727115e+05   5.86043579551923e+05  -2.59495763855904e+04
   4.02169374886743e+05   5.88610145443082e+05  -2.60635374311245e+04
   4.03925575046372e+05   5.91176711334242e+05  -2.61774984766587e+04
   4.05681775206001e+05   5.93743277225402e+05  -2.62914595221929e+04
   4.07437975365630e+05   5.96309843116561e+05  -2.64054205677271e+04
   4.09194175525259e+05   5.98876409007721e+05  -2.65193816132613e+04
   4.10950375684888e+05   6.01442974898880e+05  -2.66333426587955e+04
   4.12706575844517e+05   6.04009540790040e+05  -2.67473037043297e+04
   4.14462776004146e+05   6.06576106681200e+05  -2.68612647498638e+04
   4.16218976163775e+05   6.09142672572359e+05  -2.69752257953980e+04
   4.17975176323404e+05   6.11709238463519e+05  -2.70891868409322e+04
   4.19731376483033e+05   6.14275804354678e+05  -2.72031478864664e+04
   4.21487576642662e+05   6.16842370245838e+05  -2.73171089320006e+04
   4.23243776802291e+05   6.19408936136997e+05  -2.74310699775348e+04
   4.24999976961920e+05   6.21975502028157e+05  -2.75450310230690e+04
   4.26756177121549e+05   6.24542067919317e+05  -2.76589920686031e+04
   4.28512377281177e+05   6.27108633810476e+05  -2.77729531141373e+04
   4.30268577440806e+05   6.29675199701636e+05  -2.78869141596715e+04
   4.32024777600435e+05   6.32241765592795e+05  -2.80008752052057e+04
   4.33780977760064e+05   6.34808331483955e+05  -2.81148362507399e+04
   4.35537177919693e+05   6.37374897375114e+05  -2.82287972962741e+04
   4.37293378079322e+05   6.39941463266274e+05  -2.83427583418083e+04
   4.39049578238951e+05   6.42508029157434e+05  -2.84567193873425e+04
   4.40805778398580e+05   6.45074595048593e+05  -2.85706804328766e+04
   4.42561978558209e+05   6.47641160939753e+05  -2.86846414784108e+04
   4.44318178717838e+05   6.50207726830912e+05  -2.87986025239450e+04
   4.46074378877467e+05   6.52774292722072e+05  -2.89125635694792e+04
   4.47830579037096e+05   6.55340858613232e+05  -2.90265246150134e+04
   4.49586779196725e+05   6.57907424504391e+05  -2.91404856605476e+04
   4.51342979356354e+05   6.60473990395551e+05  -2.92544467060818e+04
   4.53099179515983e+05   6.63040556286710e+05  -2.93684077516159e+04
   4.54855379675612e+05   6.65607122177870e+05  -2.94823687971501e+04
   4.56611579835240e+05   6.68173688069029e+05  -2.95963298426843e+04
   4.58367779994869e+05   6.70740253960189e+05  -2.97102908882185e+04
   4.60123980154498e+05   6.73306819851349e+05  -2.98242519337527e+04
   4.61880180314127e+05   6.75873385742508e+05  -2.99382129792869e+04
   4.63636380473756e+05   6.78439951633668e+05  -3.00521740248211e+04
   4.65392580633385e+05   6.81006517524827e+05  -3.01661350703552e+04
   4.67148780793014e+05   6.83573083415987e+05  -3.02800961158894e+04
   4.68904980952643e+05   6.86139649307147e+05  -3.03940571614236e+04
   4.70661181112272e+05   6.88706215198306e+05  -3.05080182069578e+04
   4.72417381271901e+05   6.91272781089466e+05  -3.06219792524920e+04
   4.74173581431530e+05   6.93839346980625e+05  -3.07359402980262e+04
   4.75929781591159e+05   6.96405912871785e+05  -3.08499013435604e+04
   4.77685981750788e+05   6.98972478762944e+05  -3.09638623890945e+04
   4.79442181910417e+05   7.01539044654104e+05  -3.10778234346287e+04
   4.81198382070046e+05   7.04105610545264e+05  -3.11917844801629e+04
   4.82954582229674e+05   7.06672176436423e+05  -3.13057455256971e+04
   4.84710782389303e+05   7.09238742327583e+05  -3.14197065712313e+04
   4.86466982548932e+05   7.11805308218742e+05  -3.15336676167655e+04
   4.88223182708561e+05   7.14371874109902e+05  -3.16476286622997e+04
   4.89979382868190e+05   7.16938440001062e+05  -3.17615897078339e+04
   4.91735583027819e+05   7.19505005892221e+05  -3.18755507533680e+04
   4.93491783187448e+05   7.22071571783381e+05  -3.19895117989022e+04
   4.95247983347077e+05   7.24638137674540e+05  -3.21034728444364e+04
   4.97004183506706e+05   7.27204703565700e+05  -3.22174338899706e+04
   4.98760383666335e+05   7.29771269456859e+05  -3.23313949355048e+04
   5.00516583825964e+05   7.32337835348019e+05  -3.24453559810390e+04
   5.02272783985593e+05   7.34904401239179e+05  -3.25593170265732e+04
   5.04028984145222e+05   7.37470967130338e+05  -3.26732780721073e+04
   5.05785184304851e+05   7.40037533021498e+05  -3.27872391176415e+04
   5.07541384464480e+05   7.42604098912657e+05  -3.29012001631757e+04
   5.09297584624108e+05   7.45170664803817e+05  -3.30151612087099e+04
   5.11053784783737e+05   7.47737230694977e+05  -3.31291222542441e+04
   5.12809984943366e+05   7.50303796586136e+05  -3.32430832997783e+04
   5.14566185102995e+05   7.52870362477296e+05  -3.33570443453125e+04
   5.16322385262624e+05   7.55436928368455e+05  -3.34710053908467e+04
   5.18078585422253e+05   7.58003494259615e+05  -3.35849664363809e+04
   5.19834785581882e+05   7.60570060150774e+05  -3.36989274819151e+04
   5.21590985741511e+05   7.63136626041934e+05  -3.38128885274492e+04
   5.23347185901140e+05   7.65703191933094e+05  -3.39268495729834e+04
   5.25103386060769e+05   7.68269757824253e+05  -3.40408106185176e+04
   5.26859586220398e+05   7.70836323715413e+05  -3.41547716640518e+04
   5.28615786380027e+05   7.73402889606572e+05  -3.42687327095860e+04
   5.30371986539655e+05   7.75969455497732e+05  -3.43826937551202e+04
   5.32128186699284e+05   7.78536021388892e+05  -3.44966548006544e+04
   5.33884386858913e+05   7.81102587280051e+05  -3.46106158461886e+04
   5.35640587018542e+05   7.83669153171211e+05  -3.47245768917228e+04
   5.37396787178171e+05   7.86235719062370e+05  -3.48385379372570e+04
   5.39152987337800e+05   7.88802284953530e+05  -3.49524989827911e+04
   5.40909187497429e+05   7.91368850844689e+05  -3.50664600283253e+04
   5.42665387657058e+05   7.93935416735849e+05  -3.51804210738595e+04
   5.44421587816686e+05   7.96501982627009e+05  -3.52943821193937e+04
   5.46177787976315e+05   7.99068548518168e+05  -3.54083431649279e+04
   5.47933988135944e+05   8.01635114409328e+05  -3.55223042104621e+04
   5.49690188295573e+05   8.04201680300487e+05  -3.56362652559963e+04
   5.51446388455202e+05   8.06768246191647e+05  -3.57502263015305e+04
   5.53202588614831e+05   8.09334812082806e+05  -3.58641873470647e+04
   5.54958788774460e+05   8.11901377973966e+05  -3.59781483925989e+04
   5.56714988934089e+05   8.14467943865126e+05  -3.60921094381330e+04
   5.58471189093717e+05   8.17034509756285e+05  -3.62060704836672e+04
   5.60227389253346e+05   8.19601075647445e+05  -3.63200315292014e+04
   5.61983589412975e+05   8.22167641538604e+05  -3.64339925747356e+04
   5.63739789572604e+05   8.24734207429764e+05  -3.65479536202698e+04
   5.65495989732233e+05   8.27300773320924e+05  -3.66619146658040e+04
   5.67252189891862e+05   8.29867339212083e+05  -3.67758757113382e+04
   5.69008390051491e+05   8.32433905103243e+05  -3.68898367568724e+04
   5.70764590211120e+05   8.35000470994402e+05  -3.70037978024066e+04
   5.72520790370748e+05   8.37567036885562e+05  -3.71177588479407e+04
   5.74276990530377e+05   8.40133602776721e+05  -3.72317198934749e+04
   5.76033190690006e+05   8.42700168667881e+05  -3.73456809390091e+04
   5.77789390849635e+05   8.45266734559041e+05  -3.74596419845433e+04
   5.79545591009264e+05   8.47833300450200e+05  -3.75736030300775e+04
   5.81301791168893e+05   8.50399866341360e+05  -3.76875640756117e+04
   5.83057991328522e+05   8.52966432232519e+05  -3.78015251211459e+04
   5.84814191488151e+05   8.55532998123679e+05  -3.79154861666801e+04
   5.86570391647779e+05   8.58099564014839e+05  -3.80294472122143e+04
   5.88326591807408e+05   8.60666129905998e+05  -3.81434082577485e+04
   5.90082791967037e+05   8.63232695797158e+05  -3.82573693032826e+04
   5.91838992126666e+05   8.65799261688317e+05  -3.83713303488168e+04
   5.93595192286295e+05   8.68365827579477e+05  -3.84852913943510e+04
   5.95351392445924e+05   8.70932393470636e+05  -3.85992524398852e+04
   5.97107592605553e+05   8.73498959361796e+05  -3.87132134854194e+04
   5.98863792765182e+05   8.76065525252956e+05  -3.88271745309536e+04
   6.00619992924811e+05   8.78632091144115e+05  -3.89411355764878e+04
   6.02376193084439e+05   8.81198657035275e+05  -3.90550966220220e+04
   6.04132393244068e+05   8.83765222926434e+05  -3.91690576675562e+04
   6.05888593403697e+05   8.86331788817594e+05  -3.92830187130904e+04
   6.07644793563326e+05   8.88898354708754e+05  -3.93969797586245e+04
   6.09400993722955e+05   8.91464920599913e+05  -3.95109408041587e+04
   6.11157193882584e+05   8.94031486491073e+05  -3.96249018496929e+04
   6.12913394042213e+05   8.96598052382232e+05  -3.97388628952271e+04
   6.14669594201842e+05   8.99164618273392e+05  -3.98528239407613e+04
   6.16425794361470e+05   9.01731184164551e+05  -3.99667849862955e+04
   6.18181994521099e+05   9.04297750055711e+05  -4.00807460318297e+04
   6.19938194680728e+05   9.06864315946871e+05  -4.01947070773639e+04
   6.21694394840357e+05   9.09430881838030e+05  -4.03086681228981e+04
   6.23450594999986e+05   9.11997447729190e+05  -4.04226291684323e+04
   6.25206795159615e+05   9.14564013620349e+05  -4.05365902139664e+04
   6.26962995319244e+05   9.17130579511509e+05  -4.06505512595006e+04
   6.28719195478873e+05   9.19697145402669e+05  -4.07645123050348e+04
   6.30475395638501e+05   9.22263711293828e+05  -4.08784733505690e+04
   6.32231595798130e+05   9.24830277184988e+05  -4.09924343961032e+04
   6.33987795957759e+05   9.27396843076147e+05  -4.11063954416374e+04
   6.35743996117388e+05   9.29963408967307e+05  -4.12203564871716e+04
   6.37500196277017e+05   9.32529974858466e+05  -4.13343175327058e+04
   6.39256396436646e+05   9.35096540749626e+05  -4.14482785782400e+04
   6.41012596596275e+05   9.37663106640786e+05  -4.15622396237742e+04
   6.42768796755904e+05   9.40229672531945e+05  -4.16762006693083e+04
   6.44524996915532e+05   9.42796238423105e+05  -4.17901617148425e+04
   6.46281197075161e+05   9.45362804314264e+05  -4.19041227603767e+04
   6.48037397234790e+05   9.47929370205424e+05  -4.20180838059109e+04
   6.49793597394419e+05   9.50495936096583e+05  -4.21320448514451e+04
   6.51549797554048e+05   9.53062501987743e+05  -4.22460058969793e+04
   6.53305997713677e+05   9.55629067878903e+05  -4.23599669425135e+04
   6.55062197873306e+05   9.58195633770062e+05  -4.24739279880477e+04
   6.56818398032935e+05   9.60762199661222e+05  -4.25878890335819e+04
   6.58574598192563e+05   9.63328765552381e+05  -4.27018500791161e+04
   6.60330798352192e+05   9.65895331443541e+05  -4.28158111246502e+04
   6.62086998511821e+05   9.68461897334701e+05  -4.29297721701844e+04
   6.63843198671450e+05   9.71028463225860e+05  -4.30437332157186e+04
   6.65599398831079e+05   9.73595029117020e+05  -4.31576942612528e+04
   6.67355598990708e+05   9.76161595008179e+05  -4.32716553067870e+04
   6.69111799150337e+05   9.78728160899339e+05  -4.33856163523212e+04
   6.70867999309966e+05   9.81294726790498e+05  -4.34995773978554e+04
   6.72624199469594e+05   9.83861292681658e+05  -4.36135384433896e+04
   6.74380399629223e+05   9.86427858572818e+05  -4.37274994889238e+04
   6.76136599788852e+05   9.88994424463977e+05  -4.38414605344580e+04
   6.77892799948481e+05   9.91560990355137e+05  -4.39554215799921e+04
   6.79649000108110e+05   9.94127556246296e+05  -4.40693826255263e+04
   6.81405200267739e+05   9.96694122137456e+05  -4.41833436710605e+04
   6.83161400427368e+05   9.99260688028616e+05  -4.42973047165947e+04
   6.84917600586997e+05   1.00182725391978e+06  -4.44112657621289e+04
   6.86673800746625e+05   1.00439381981093e+06  -4.45252268076631e+04
   6.88430000906254e+05   1.00696038570209e+06  -4.46391878531973e+04
   6.90186201065883e+05   1.00952695159325e+06  -4.47531488987315e+04
   6.91942401225512e+05   1.01209351748441e+06  -4.48671099442657e+04
   6.93698601385141e+05   1.01466008337557e+06  -4.49810709897999e+04
   6.95454801544770e+05   1.01722664926673e+06  -4.50950320353340e+04
   6.97211001704399e+05   1.01979321515789e+06  -4.52089930808682e+04
   6.98967201864028e+05   1.02235978104905e+06  -4.53229541264024e+04
   7.00723402023656e+05   1.02492634694021e+06  -4.54369151719366e+04
   7.02479602183285e+05   1.02749291283137e+06  -4.55508762174708e+04
   7.04235802342914e+05   1.03005947872253e+06  -4.56648372630050e+04
   7.05992002502543e+05   1.03262604461369e+06  -4.57787983085392e+04
   7.07748202662172e+05   1.03519261050485e+06  -4.58927593540734e+04
   7.09504402821801e+05   1.03775917639601e+06  -4.60067203996076e+04
   7.11260602981430e+05   1.04032574228717e+06  -4.61206814451418e+04
   7.13016803141059e+05   1.04289230817833e+06  -4.62346424906759e+04
   7.14773003300687e+05   1.04545887406949e+06  -4.63486035362101e+04
   7.16529203460316e+05   1.04802543996065e+06  -4.64625645817443e+04
   7.18285403619945e+05   1.05059200585181e+06  -4.65765256272785e+04
   7.20041603779574e+05   1.05315857174297e+06  -4.66904866728127e+04
   7.21797803939203e+05   1.05572513763413e+06  -4.68044477183469e+04
   7.23554004098832e+05   1.05829170352529e+06  -4.69184087638811e+04
   7.25310204258461e+05   1.06085826941645e+06  -4.70323698094153e+04
   7.27066404418090e+05   1.06342483530761e+06  -4.71463308549495e+04
   7.28822604577718e+05   1.06599140119877e+06  -4.72602919004837e+04
   7.30578804737347e+05   1.06855796708993e+06  -4.73742529460178e+04
   7.32335004896976e+05   1.07112453298108e+06  -4.74882139915520e+04
   7.34091205056605e+05   1.07369109887224e+06  -4.76021750370862e+04
   7.35847405216234e+05   1.07625766476340e+06  -4.77161360826204e+04
   7.37603605375863e+05   1.07882423065456e+06  -4.78300971281546e+04
   7.39359805535492e+05   1.08139079654572e+06  -4.79440581736888e+04
   7.41116005695121e+05   1.08395736243688e+06  -4.80580192192230e+04
   7.42872205854749e+05   1.08652392832804e+06  -4.81719802647572e+04
   7.44628406014378e+05   1.08909049421920e+06  -4.82859413102914e+04
   7.46384606174007e+05   1.09165706011036e+06  -4.83999023558256e+04
   7.48140806333636e+05   1.09422362600152e+06  -4.85138634013597e+04
   7.49897006493265e+05   1.09679019189268e+06  -4.86278244468939e+04
   7.51653206652894e+05   1.09935675778384e+06  -4.87417854924281e+04
   7.53409406812523e+05   1.10192332367500e+06  -4.88557465379623e+04
   7.55165606972152e+05   1.10448988956616e+06  -4.89697075834965e+04
   7.56921807131780e+05   1.10705645545732e+06  -4.90836686290307e+04
   7.58678007291409e+05   1.10962302134848e+06  -4.91976296745649e+04
   7.60434207451038e+05   1.11218958723964e+06  -4.93115907200991e+04
   7.62190407610667e+05   1.11475615313080e+06  -4.94255517656333e+04
   7.63946607770296e+05   1.11732271902196e+06  -4.95395128111674e+04
   7.65702807929925e+05   1.11988928491312e+06  -4.96534738567016e+04
   7.67459008089554e+05   1.12245585080428e+06  -4.97674349022358e+04
   7.69215208249183e+05   1.12502241669544e+06  -4.98813959477700e+04
   7.70971408408811e+05   1.12758898258660e+06  -4.99953569933042e+04
   7.72727608568440e+05   1.13015554847776e+06  -5.01093180388384e+04
   7.74483808728069e+05   1.13272211436892e+06  -5.02232790843726e+04
   7.76240008887698e+05   1.13528868026008e+06  -5.03372401299068e+04
   7.77996209047327e+05   1.13785524615124e+06  -5.04512011754410e+04
   7.79752409206956e+05   1.14042181204240e+06  -5.05651622209752e+04
   7.81508609366585e+05   1.14298837793356e+06  -5.06791232665093e+04
   7.83264809526214e+05   1.14555494382472e+06  -5.07930843120435e+04
   7.85021009685842e+05   1.14812150971588e+06  -5.09070453575777e+04
   7.86777209845471e+05   1.15068807560704e+06  -5.10210064031119e+04
   7.88533410005100e+05   1.15325464149820e+06  -5.11349674486461e+04
   7.90289610164729e+05   1.15582120738935e+06  -5.12489284941803e+04
   7.92045810324358e+05   1.15838777328051e+06  -5.13628895397145e+04
   7.93802010483987e+05   1.16095433917167e+06  -5.14768505852487e+04
   7.95558210643616e+05   1.16352090506283e+06  -5.15908116307829e+04
   7.97314410803245e+05   1.16608747095399e+06  -5.17047726763171e+04
   7.99070610962873e+05   1.16865403684515e+06  -5.18187337218512e+04
   8.00826811122502e+05   1.17122060273631e+06  -5.19326947673854e+04
   8.02583011282131e+05   1.17378716862747e+06  -5.20466558129196e+04
   8.04339211441760e+05   1.17635373451863e+06  -5.21606168584538e+04
   8.06095411601389e+05   1.17892030040979e+06  -5.22745779039880e+04
   8.07851611761018e+05   1.18148686630095e+06  -5.23885389495222e+04
   8.09607811920647e+05   1.18405343219211e+06  -5.25024999950564e+04
   8.11364012080276e+05   1.18661999808327e+06  -5.26164610405906e+04
   8.13120212239904e+05   1.18918656397443e+06  -5.27304220861248e+04
   8.14876412399533e+05   1.19175312986559e+06  -5.28443831316590e+04
   8.16632612559162e+05   1.19431969575675e+06  -5.29583441771931e+04
   8.18388812718791e+05   1.19688626164791e+06  -5.30723052227273e+04
   8.20145012878420e+05   1.19945282753907e+06  -5.31862662682615e+04
   8.21901213038049e+05   1.20201939343023e+06  -5.33002273137957e+04
   8.23657413197678e+05   1.20458595932139e+06  -5.34141883593299e+04
   8.25413613357307e+05   1.20715252521255e+06  -5.35281494048641e+04
   8.27169813516935e+05   1.20971909110371e+06  -5.36421104503983e+04
   8.28926013676564e+05   1.21228565699487e+06  -5.37560714959325e+04
   8.30682213836193e+05   1.21485222288603e+06  -5.38700325414667e+04
   8.32438413995822e+05   1.21741878877719e+06  -5.39839935870009e+04
   8.34194614155451e+05   1.21998535466835e+06  -5.40979546325350e+04
   8.35950814315080e+05   1.22255192055951e+06  -5.42119156780692e+04
   8.37707014474709e+05   1.22511848645067e+06  -5.43258767236034e+04
   8.39463214634338e+05   1.22768505234183e+06  -5.44398377691376e+04
   8.41219414793966e+05   1.23025161823299e+06  -5.45537988146718e+04
   8.42975614953595e+05   1.23281818412415e+06  -5.46677598602060e+04
   8.44731815113224e+05   1.23538475001531e+06  -5.47817209057402e+04
   8.46488015272853e+05   1.23795131590647e+06  -5.48956819512744e+04
   8.48244215432482e+05   1.24051788179762e+06  -5.50096429968086e+04
   8.50000415592111e+05   1.24308444768878e+06  -5.51236040423428e+04
   8.51756615751740e+05   1.24565101357994e+06  -5.52375650878769e+04
   8.53512815911369e+05   1.24821757947110e+06  -5.53515261334111e+04
   8.55269016070997e+05   1.25078414536226e+06  -5.54654871789453e+04
   8.57025216230626e+05   1.25335071125342e+06  -5.55794482244795e+04
   8.58781416390255e+05   1.25591727714458e+06  -5.56934092700137e+04
   8.60537616549884e+05   1.25848384303574e+06  -5.58073703155479e+04
   8.62293816709513e+05   1.26105040892690e+06  -5.59213313610821e+04
   8.64050016869142e+05   1.26361697481806e+06  -5.60352924066163e+04
   8.65806217028771e+05   1.26618354070922e+06  -5.61492534521505e+04
   8.67562417188400e+05   1.26875010660038e+06  -5.62632144976847e+04
