x and v(x) 
0.000e+00 0.000e+00
1.010e-02 0.000e+00
2.020e-02 6.149e-03
3.030e-02 1.086e-02
4.040e-02 1.472e-02
5.051e-02 1.794e-02
6.061e-02 2.066e-02
7.071e-02 2.295e-02
8.081e-02 2.487e-02
9.091e-02 2.647e-02
1.010e-01 2.780e-02
1.111e-01 2.889e-02
1.212e-01 2.977e-02
1.313e-01 3.046e-02
1.414e-01 3.099e-02
1.515e-01 3.138e-02
1.616e-01 3.165e-02
1.717e-01 3.180e-02
1.818e-01 3.187e-02
1.919e-01 3.185e-02
2.020e-01 3.175e-02
2.121e-01 3.160e-02
2.222e-01 3.140e-02
2.323e-01 3.115e-02
2.424e-01 3.086e-02
2.525e-01 3.055e-02
2.626e-01 3.020e-02
2.727e-01 2.983e-02
2.828e-01 2.945e-02
2.929e-01 2.905e-02
3.030e-01 2.864e-02
3.131e-01 2.822e-02
3.232e-01 2.780e-02
3.333e-01 2.737e-02
3.434e-01 2.694e-02
3.535e-01 2.652e-02
3.636e-01 2.609e-02
3.737e-01 2.566e-02
3.838e-01 2.524e-02
3.939e-01 2.483e-02
4.040e-01 2.441e-02
4.141e-01 2.401e-02
4.242e-01 2.361e-02
4.343e-01 2.321e-02
4.444e-01 2.283e-02
4.545e-01 2.245e-02
4.646e-01 2.208e-02
4.747e-01 2.171e-02
4.848e-01 2.136e-02
4.949e-01 2.101e-02
5.051e-01 2.067e-02
5.152e-01 2.033e-02
5.253e-01 2.001e-02
5.354e-01 1.969e-02
5.455e-01 1.938e-02
5.556e-01 1.908e-02
5.657e-01 1.878e-02
5.758e-01 1.849e-02
5.859e-01 1.821e-02
5.960e-01 1.794e-02
6.061e-01 1.767e-02
6.162e-01 1.741e-02
6.263e-01 1.715e-02
6.364e-01 1.690e-02
6.465e-01 1.666e-02
6.566e-01 1.642e-02
6.667e-01 1.619e-02
6.768e-01 1.597e-02
6.869e-01 1.575e-02
6.970e-01 1.553e-02
7.071e-01 1.532e-02
7.172e-01 1.512e-02
7.273e-01 1.492e-02
7.374e-01 1.472e-02
7.475e-01 1.453e-02
7.576e-01 1.435e-02
7.677e-01 1.417e-02
7.778e-01 1.399e-02
7.879e-01 1.382e-02
7.980e-01 1.365e-02
8.081e-01 1.348e-02
8.182e-01 1.332e-02
8.283e-01 1.316e-02
8.384e-01 1.301e-02
8.485e-01 1.286e-02
8.586e-01 1.271e-02
8.687e-01 1.257e-02
8.788e-01 1.243e-02
8.889e-01 1.229e-02
8.990e-01 1.215e-02
9.091e-01 1.202e-02
9.192e-01 1.189e-02
9.293e-01 1.176e-02
9.394e-01 1.164e-02
9.495e-01 1.152e-02
9.596e-01 1.140e-02
9.697e-01 1.128e-02
9.798e-01 1.117e-02
9.899e-01 1.106e-02
1.000e+00 1.020e+00
0.000e+00 0.000e+00
