x and v(x) 
0.00000e+00 0.00000e+00
1.00100e-03 0.00000e+00
2.00200e-03 6.61349e-05
3.00300e-03 1.23262e-04
4.00400e-03 1.76398e-04
5.00501e-03 2.27222e-04
6.00601e-03 2.76454e-04
7.00701e-03 3.24462e-04
8.00801e-03 3.71450e-04
9.00901e-03 4.17546e-04
1.00100e-02 4.62830e-04
1.10110e-02 5.07363e-04
1.20120e-02 5.51184e-04
1.30130e-02 5.94325e-04
1.40140e-02 6.36813e-04
1.50150e-02 6.78666e-04
1.60160e-02 7.19902e-04
1.70170e-02 7.60536e-04
1.80180e-02 8.00581e-04
1.90190e-02 8.40047e-04
2.00200e-02 8.78945e-04
2.10210e-02 9.17286e-04
2.20220e-02 9.55077e-04
2.30230e-02 9.92327e-04
2.40240e-02 1.02904e-03
2.50250e-02 1.06524e-03
2.60260e-02 1.10091e-03
2.70270e-02 1.13607e-03
2.80280e-02 1.17073e-03
2.90290e-02 1.20489e-03
3.00300e-02 1.23856e-03
3.10310e-02 1.27174e-03
3.20320e-02 1.30445e-03
3.30330e-02 1.33668e-03
3.40340e-02 1.36845e-03
3.50350e-02 1.39975e-03
3.60360e-02 1.43059e-03
3.70370e-02 1.46099e-03
3.80380e-02 1.49094e-03
3.90390e-02 1.52045e-03
4.00400e-02 1.54953e-03
4.10410e-02 1.57818e-03
4.20420e-02 1.60640e-03
4.30430e-02 1.63420e-03
4.40440e-02 1.66159e-03
4.50450e-02 1.68857e-03
4.60460e-02 1.71515e-03
4.70470e-02 1.74133e-03
4.80480e-02 1.76711e-03
4.90490e-02 1.79250e-03
5.00501e-02 1.81750e-03
5.10511e-02 1.84213e-03
5.20521e-02 1.86637e-03
5.30531e-02 1.89025e-03
5.40541e-02 1.91376e-03
5.50551e-02 1.93690e-03
5.60561e-02 1.95968e-03
5.70571e-02 1.98211e-03
5.80581e-02 2.00419e-03
5.90591e-02 2.02592e-03
6.00601e-02 2.04731e-03
6.10611e-02 2.06836e-03
6.20621e-02 2.08908e-03
6.30631e-02 2.10946e-03
6.40641e-02 2.12952e-03
6.50651e-02 2.14926e-03
6.60661e-02 2.16867e-03
6.70671e-02 2.18778e-03
6.80681e-02 2.20657e-03
6.90691e-02 2.22505e-03
7.00701e-02 2.24322e-03
7.10711e-02 2.26110e-03
7.20721e-02 2.27868e-03
7.30731e-02 2.29597e-03
7.40741e-02 2.31296e-03
7.50751e-02 2.32967e-03
7.60761e-02 2.34610e-03
7.70771e-02 2.36224e-03
7.80781e-02 2.37811e-03
7.90791e-02 2.39371e-03
8.00801e-02 2.40904e-03
8.10811e-02 2.42410e-03
8.20821e-02 2.43889e-03
8.30831e-02 2.45343e-03
8.40841e-02 2.46771e-03
8.50851e-02 2.48173e-03
8.60861e-02 2.49550e-03
8.70871e-02 2.50903e-03
8.80881e-02 2.52231e-03
8.90891e-02 2.53535e-03
9.00901e-02 2.54815e-03
9.10911e-02 2.56071e-03
9.20921e-02 2.57304e-03
9.30931e-02 2.58513e-03
9.40941e-02 2.59700e-03
9.50951e-02 2.60865e-03
9.60961e-02 2.62007e-03
9.70971e-02 2.63127e-03
9.80981e-02 2.64226e-03
9.90991e-02 2.65303e-03
1.00100e-01 2.66359e-03
1.01101e-01 2.67394e-03
1.02102e-01 2.68408e-03
1.03103e-01 2.69402e-03
1.04104e-01 2.70376e-03
1.05105e-01 2.71330e-03
1.06106e-01 2.72264e-03
1.07107e-01 2.73179e-03
1.08108e-01 2.74074e-03
1.09109e-01 2.74951e-03
1.10110e-01 2.75809e-03
1.11111e-01 2.76648e-03
1.12112e-01 2.77469e-03
1.13113e-01 2.78272e-03
1.14114e-01 2.79058e-03
1.15115e-01 2.79825e-03
1.16116e-01 2.80576e-03
1.17117e-01 2.81309e-03
1.18118e-01 2.82025e-03
1.19119e-01 2.82724e-03
1.20120e-01 2.83407e-03
1.21121e-01 2.84074e-03
1.22122e-01 2.84725e-03
1.23123e-01 2.85359e-03
1.24124e-01 2.85978e-03
1.25125e-01 2.86581e-03
1.26126e-01 2.87170e-03
1.27127e-01 2.87742e-03
1.28128e-01 2.88300e-03
1.29129e-01 2.88844e-03
1.30130e-01 2.89372e-03
1.31131e-01 2.89887e-03
1.32132e-01 2.90387e-03
1.33133e-01 2.90873e-03
1.34134e-01 2.91345e-03
1.35135e-01 2.91804e-03
1.36136e-01 2.92249e-03
1.37137e-01 2.92681e-03
1.38138e-01 2.93100e-03
1.39139e-01 2.93506e-03
1.40140e-01 2.93899e-03
1.41141e-01 2.94279e-03
1.42142e-01 2.94647e-03
1.43143e-01 2.95003e-03
1.44144e-01 2.95346e-03
1.45145e-01 2.95678e-03
1.46146e-01 2.95997e-03
1.47147e-01 2.96305e-03
1.48148e-01 2.96601e-03
1.49149e-01 2.96886e-03
1.50150e-01 2.97160e-03
1.51151e-01 2.97423e-03
1.52152e-01 2.97675e-03
1.53153e-01 2.97916e-03
1.54154e-01 2.98146e-03
1.55155e-01 2.98366e-03
1.56156e-01 2.98576e-03
1.57157e-01 2.98775e-03
1.58158e-01 2.98964e-03
1.59159e-01 2.99143e-03
1.60160e-01 2.99313e-03
1.61161e-01 2.99472e-03
1.62162e-01 2.99622e-03
1.63163e-01 2.99763e-03
1.64164e-01 2.99894e-03
1.65165e-01 3.00017e-03
1.66166e-01 3.00130e-03
1.67167e-01 3.00234e-03
1.68168e-01 3.00329e-03
1.69169e-01 3.00416e-03
1.70170e-01 3.00494e-03
1.71171e-01 3.00564e-03
1.72172e-01 3.00625e-03
1.73173e-01 3.00679e-03
1.74174e-01 3.00724e-03
1.75175e-01 3.00761e-03
1.76176e-01 3.00790e-03
1.77177e-01 3.00811e-03
1.78178e-01 3.00825e-03
1.79179e-01 3.00831e-03
1.80180e-01 3.00830e-03
1.81181e-01 3.00821e-03
1.82182e-01 3.00805e-03
1.83183e-01 3.00782e-03
1.84184e-01 3.00752e-03
1.85185e-01 3.00715e-03
1.86186e-01 3.00671e-03
1.87187e-01 3.00620e-03
1.88188e-01 3.00563e-03
1.89189e-01 3.00499e-03
1.90190e-01 3.00429e-03
1.91191e-01 3.00352e-03
1.92192e-01 3.00269e-03
1.93193e-01 3.00180e-03
1.94194e-01 3.00085e-03
1.95195e-01 2.99983e-03
1.96196e-01 2.99876e-03
1.97197e-01 2.99763e-03
1.98198e-01 2.99645e-03
1.99199e-01 2.99520e-03
2.00200e-01 2.99390e-03
2.01201e-01 2.99255e-03
2.02202e-01 2.99114e-03
2.03203e-01 2.98968e-03
2.04204e-01 2.98816e-03
2.05205e-01 2.98659e-03
2.06206e-01 2.98498e-03
2.07207e-01 2.98331e-03
2.08208e-01 2.98159e-03
2.09209e-01 2.97983e-03
2.10210e-01 2.97801e-03
2.11211e-01 2.97615e-03
2.12212e-01 2.97425e-03
2.13213e-01 2.97229e-03
2.14214e-01 2.97030e-03
2.15215e-01 2.96825e-03
2.16216e-01 2.96617e-03
2.17217e-01 2.96404e-03
2.18218e-01 2.96187e-03
2.19219e-01 2.95966e-03
2.20220e-01 2.95740e-03
2.21221e-01 2.95511e-03
2.22222e-01 2.95278e-03
2.23223e-01 2.95040e-03
2.24224e-01 2.94799e-03
2.25225e-01 2.94555e-03
2.26226e-01 2.94306e-03
2.27227e-01 2.94054e-03
2.28228e-01 2.93798e-03
2.29229e-01 2.93539e-03
2.30230e-01 2.93276e-03
2.31231e-01 2.93010e-03
2.32232e-01 2.92741e-03
2.33233e-01 2.92468e-03
2.34234e-01 2.92192e-03
2.35235e-01 2.91912e-03
2.36236e-01 2.91630e-03
2.37237e-01 2.91345e-03
2.38238e-01 2.91056e-03
2.39239e-01 2.90765e-03
2.40240e-01 2.90470e-03
2.41241e-01 2.90173e-03
2.42242e-01 2.89873e-03
2.43243e-01 2.89570e-03
2.44244e-01 2.89265e-03
2.45245e-01 2.88957e-03
2.46246e-01 2.88646e-03
2.47247e-01 2.88332e-03
2.48248e-01 2.88016e-03
2.49249e-01 2.87698e-03
2.50250e-01 2.87377e-03
2.51251e-01 2.87054e-03
2.52252e-01 2.86729e-03
2.53253e-01 2.86401e-03
2.54254e-01 2.86071e-03
2.55255e-01 2.85738e-03
2.56256e-01 2.85404e-03
2.57257e-01 2.85067e-03
2.58258e-01 2.84729e-03
2.59259e-01 2.84388e-03
2.60260e-01 2.84045e-03
2.61261e-01 2.83700e-03
2.62262e-01 2.83354e-03
2.63263e-01 2.83005e-03
2.64264e-01 2.82655e-03
2.65265e-01 2.82303e-03
2.66266e-01 2.81949e-03
2.67267e-01 2.81593e-03
2.68268e-01 2.81236e-03
2.69269e-01 2.80877e-03
2.70270e-01 2.80516e-03
2.71271e-01 2.80154e-03
2.72272e-01 2.79790e-03
2.73273e-01 2.79425e-03
2.74274e-01 2.79058e-03
2.75275e-01 2.78690e-03
2.76276e-01 2.78321e-03
2.77277e-01 2.77950e-03
2.78278e-01 2.77577e-03
2.79279e-01 2.77204e-03
2.80280e-01 2.76829e-03
2.81281e-01 2.76452e-03
2.82282e-01 2.76075e-03
2.83283e-01 2.75696e-03
2.84284e-01 2.75317e-03
2.85285e-01 2.74936e-03
2.86286e-01 2.74554e-03
2.87287e-01 2.74171e-03
2.88288e-01 2.73786e-03
2.89289e-01 2.73401e-03
2.90290e-01 2.73015e-03
2.91291e-01 2.72628e-03
2.92292e-01 2.72240e-03
2.93293e-01 2.71851e-03
2.94294e-01 2.71461e-03
2.95295e-01 2.71070e-03
2.96296e-01 2.70679e-03
2.97297e-01 2.70286e-03
2.98298e-01 2.69893e-03
2.99299e-01 2.69499e-03
3.00300e-01 2.69105e-03
3.01301e-01 2.68709e-03
3.02302e-01 2.68313e-03
3.03303e-01 2.67917e-03
3.04304e-01 2.67519e-03
3.05305e-01 2.67121e-03
3.06306e-01 2.66723e-03
3.07307e-01 2.66324e-03
3.08308e-01 2.65924e-03
3.09309e-01 2.65524e-03
3.10310e-01 2.65123e-03
3.11311e-01 2.64722e-03
3.12312e-01 2.64320e-03
3.13313e-01 2.63918e-03
3.14314e-01 2.63516e-03
3.15315e-01 2.63113e-03
3.16316e-01 2.62709e-03
3.17317e-01 2.62306e-03
3.18318e-01 2.61902e-03
3.19319e-01 2.61497e-03
3.20320e-01 2.61092e-03
3.21321e-01 2.60687e-03
3.22322e-01 2.60282e-03
3.23323e-01 2.59877e-03
3.24324e-01 2.59471e-03
3.25325e-01 2.59065e-03
3.26326e-01 2.58659e-03
3.27327e-01 2.58252e-03
3.28328e-01 2.57846e-03
3.29329e-01 2.57439e-03
3.30330e-01 2.57032e-03
3.31331e-01 2.56625e-03
3.32332e-01 2.56218e-03
3.33333e-01 2.55811e-03
3.34334e-01 2.55404e-03
3.35335e-01 2.54997e-03
3.36336e-01 2.54589e-03
3.37337e-01 2.54182e-03
3.38338e-01 2.53775e-03
3.39339e-01 2.53367e-03
3.40340e-01 2.52960e-03
3.41341e-01 2.52553e-03
3.42342e-01 2.52145e-03
3.43343e-01 2.51738e-03
3.44344e-01 2.51331e-03
3.45345e-01 2.50924e-03
3.46346e-01 2.50517e-03
3.47347e-01 2.50110e-03
3.48348e-01 2.49703e-03
3.49349e-01 2.49296e-03
3.50350e-01 2.48890e-03
3.51351e-01 2.48483e-03
3.52352e-01 2.48077e-03
3.53353e-01 2.47671e-03
3.54354e-01 2.47265e-03
3.55355e-01 2.46859e-03
3.56356e-01 2.46454e-03
3.57357e-01 2.46048e-03
3.58358e-01 2.45643e-03
3.59359e-01 2.45239e-03
3.60360e-01 2.44834e-03
3.61361e-01 2.44430e-03
3.62362e-01 2.44026e-03
3.63363e-01 2.43622e-03
3.64364e-01 2.43219e-03
3.65365e-01 2.42815e-03
3.66366e-01 2.42413e-03
3.67367e-01 2.42010e-03
3.68368e-01 2.41608e-03
3.69369e-01 2.41206e-03
3.70370e-01 2.40804e-03
3.71371e-01 2.40403e-03
3.72372e-01 2.40002e-03
3.73373e-01 2.39602e-03
3.74374e-01 2.39202e-03
3.75375e-01 2.38802e-03
3.76376e-01 2.38403e-03
3.77377e-01 2.38004e-03
3.78378e-01 2.37606e-03
3.79379e-01 2.37208e-03
3.80380e-01 2.36810e-03
3.81381e-01 2.36413e-03
3.82382e-01 2.36016e-03
3.83383e-01 2.35620e-03
3.84384e-01 2.35224e-03
3.85385e-01 2.34828e-03
3.86386e-01 2.34433e-03
3.87387e-01 2.34039e-03
3.88388e-01 2.33645e-03
3.89389e-01 2.33252e-03
3.90390e-01 2.32858e-03
3.91391e-01 2.32466e-03
3.92392e-01 2.32074e-03
3.93393e-01 2.31682e-03
3.94394e-01 2.31292e-03
3.95395e-01 2.30901e-03
3.96396e-01 2.30511e-03
3.97397e-01 2.30122e-03
3.98398e-01 2.29733e-03
3.99399e-01 2.29345e-03
4.00400e-01 2.28957e-03
4.01401e-01 2.28570e-03
4.02402e-01 2.28183e-03
4.03403e-01 2.27797e-03
4.04404e-01 2.27411e-03
4.05405e-01 2.27026e-03
4.06406e-01 2.26642e-03
4.07407e-01 2.26258e-03
4.08408e-01 2.25875e-03
4.09409e-01 2.25492e-03
4.10410e-01 2.25110e-03
4.11411e-01 2.24729e-03
4.12412e-01 2.24348e-03
4.13413e-01 2.23968e-03
4.14414e-01 2.23588e-03
4.15415e-01 2.23209e-03
4.16416e-01 2.22831e-03
4.17417e-01 2.22453e-03
4.18418e-01 2.22076e-03
4.19419e-01 2.21700e-03
4.20420e-01 2.21324e-03
4.21421e-01 2.20949e-03
4.22422e-01 2.20574e-03
4.23423e-01 2.20200e-03
4.24424e-01 2.19827e-03
4.25425e-01 2.19455e-03
4.26426e-01 2.19083e-03
4.27427e-01 2.18711e-03
4.28428e-01 2.18341e-03
4.29429e-01 2.17971e-03
4.30430e-01 2.17601e-03
4.31431e-01 2.17233e-03
4.32432e-01 2.16865e-03
4.33433e-01 2.16497e-03
4.34434e-01 2.16131e-03
4.35435e-01 2.15765e-03
4.36436e-01 2.15400e-03
4.37437e-01 2.15035e-03
4.38438e-01 2.14671e-03
4.39439e-01 2.14308e-03
4.40440e-01 2.13945e-03
4.41441e-01 2.13583e-03
4.42442e-01 2.13222e-03
4.43443e-01 2.12862e-03
4.44444e-01 2.12502e-03
4.45445e-01 2.12143e-03
4.46446e-01 2.11785e-03
4.47447e-01 2.11427e-03
4.48448e-01 2.11070e-03
4.49449e-01 2.10714e-03
4.50450e-01 2.10358e-03
4.51451e-01 2.10003e-03
4.52452e-01 2.09649e-03
4.53453e-01 2.09296e-03
4.54454e-01 2.08943e-03
4.55455e-01 2.08591e-03
4.56456e-01 2.08240e-03
4.57457e-01 2.07889e-03
4.58458e-01 2.07540e-03
4.59459e-01 2.07191e-03
4.60460e-01 2.06842e-03
4.61461e-01 2.06494e-03
4.62462e-01 2.06148e-03
4.63463e-01 2.05801e-03
4.64464e-01 2.05456e-03
4.65465e-01 2.05111e-03
4.66466e-01 2.04767e-03
4.67467e-01 2.04424e-03
4.68468e-01 2.04081e-03
4.69469e-01 2.03739e-03
4.70470e-01 2.03398e-03
4.71471e-01 2.03058e-03
4.72472e-01 2.02718e-03
4.73473e-01 2.02379e-03
4.74474e-01 2.02041e-03
4.75475e-01 2.01703e-03
4.76476e-01 2.01367e-03
4.77477e-01 2.01030e-03
4.78478e-01 2.00695e-03
4.79479e-01 2.00361e-03
4.80480e-01 2.00027e-03
4.81481e-01 1.99694e-03
4.82482e-01 1.99361e-03
4.83483e-01 1.99030e-03
4.84484e-01 1.98699e-03
4.85485e-01 1.98369e-03
4.86486e-01 1.98039e-03
4.87487e-01 1.97711e-03
4.88488e-01 1.97383e-03
4.89489e-01 1.97055e-03
4.90490e-01 1.96729e-03
4.91491e-01 1.96403e-03
4.92492e-01 1.96078e-03
4.93493e-01 1.95754e-03
4.94494e-01 1.95430e-03
4.95495e-01 1.95107e-03
4.96496e-01 1.94785e-03
4.97497e-01 1.94464e-03
4.98498e-01 1.94143e-03
4.99499e-01 1.93823e-03
5.00501e-01 1.93504e-03
5.01502e-01 1.93186e-03
5.02503e-01 1.92868e-03
5.03504e-01 1.92551e-03
5.04505e-01 1.92235e-03
5.05506e-01 1.91920e-03
5.06507e-01 1.91605e-03
5.07508e-01 1.91291e-03
5.08509e-01 1.90977e-03
5.09510e-01 1.90665e-03
5.10511e-01 1.90353e-03
5.11512e-01 1.90042e-03
5.12513e-01 1.89731e-03
5.13514e-01 1.89422e-03
5.14515e-01 1.89113e-03
5.15516e-01 1.88805e-03
5.16517e-01 1.88497e-03
5.17518e-01 1.88190e-03
5.18519e-01 1.87884e-03
5.19520e-01 1.87579e-03
5.20521e-01 1.87274e-03
5.21522e-01 1.86971e-03
5.22523e-01 1.86667e-03
5.23524e-01 1.86365e-03
5.24525e-01 1.86063e-03
5.25526e-01 1.85762e-03
5.26527e-01 1.85462e-03
5.27528e-01 1.85162e-03
5.28529e-01 1.84863e-03
5.29530e-01 1.84565e-03
5.30531e-01 1.84268e-03
5.31532e-01 1.83971e-03
5.32533e-01 1.83675e-03
5.33534e-01 1.83380e-03
5.34535e-01 1.83085e-03
5.35536e-01 1.82791e-03
5.36537e-01 1.82498e-03
5.37538e-01 1.82206e-03
5.38539e-01 1.81914e-03
5.39540e-01 1.81623e-03
5.40541e-01 1.81333e-03
5.41542e-01 1.81043e-03
5.42543e-01 1.80754e-03
5.43544e-01 1.80466e-03
5.44545e-01 1.80178e-03
5.45546e-01 1.79892e-03
5.46547e-01 1.79605e-03
5.47548e-01 1.79320e-03
5.48549e-01 1.79035e-03
5.49550e-01 1.78751e-03
5.50551e-01 1.78468e-03
5.51552e-01 1.78185e-03
5.52553e-01 1.77903e-03
5.53554e-01 1.77622e-03
5.54555e-01 1.77341e-03
5.55556e-01 1.77061e-03
5.56557e-01 1.76782e-03
5.57558e-01 1.76504e-03
5.58559e-01 1.76226e-03
5.59560e-01 1.75949e-03
5.60561e-01 1.75672e-03
5.61562e-01 1.75396e-03
5.62563e-01 1.75121e-03
5.63564e-01 1.74847e-03
5.64565e-01 1.74573e-03
5.65566e-01 1.74300e-03
5.66567e-01 1.74028e-03
5.67568e-01 1.73756e-03
5.68569e-01 1.73485e-03
5.69570e-01 1.73214e-03
5.70571e-01 1.72945e-03
5.71572e-01 1.72676e-03
5.72573e-01 1.72407e-03
5.73574e-01 1.72139e-03
5.74575e-01 1.71872e-03
5.75576e-01 1.71606e-03
5.76577e-01 1.71340e-03
5.77578e-01 1.71075e-03
5.78579e-01 1.70811e-03
5.79580e-01 1.70547e-03
5.80581e-01 1.70284e-03
5.81582e-01 1.70021e-03
5.82583e-01 1.69759e-03
5.83584e-01 1.69498e-03
5.84585e-01 1.69238e-03
5.85586e-01 1.68978e-03
5.86587e-01 1.68719e-03
5.87588e-01 1.68460e-03
5.88589e-01 1.68202e-03
5.89590e-01 1.67945e-03
5.90591e-01 1.67688e-03
5.91592e-01 1.67432e-03
5.92593e-01 1.67177e-03
5.93594e-01 1.66922e-03
5.94595e-01 1.66668e-03
5.95596e-01 1.66414e-03
5.96597e-01 1.66162e-03
5.97598e-01 1.65909e-03
5.98599e-01 1.65658e-03
5.99600e-01 1.65407e-03
6.00601e-01 1.65156e-03
6.01602e-01 1.64907e-03
6.02603e-01 1.64658e-03
6.03604e-01 1.64409e-03
6.04605e-01 1.64161e-03
6.05606e-01 1.63914e-03
6.06607e-01 1.63668e-03
6.07608e-01 1.63422e-03
6.08609e-01 1.63176e-03
6.09610e-01 1.62932e-03
6.10611e-01 1.62687e-03
6.11612e-01 1.62444e-03
6.12613e-01 1.62201e-03
6.13614e-01 1.61959e-03
6.14615e-01 1.61717e-03
6.15616e-01 1.61476e-03
6.16617e-01 1.61235e-03
6.17618e-01 1.60995e-03
6.18619e-01 1.60756e-03
6.19620e-01 1.60517e-03
6.20621e-01 1.60279e-03
6.21622e-01 1.60042e-03
6.22623e-01 1.59805e-03
6.23624e-01 1.59569e-03
6.24625e-01 1.59333e-03
6.25626e-01 1.59098e-03
6.26627e-01 1.58863e-03
6.27628e-01 1.58629e-03
6.28629e-01 1.58396e-03
6.29630e-01 1.58163e-03
6.30631e-01 1.57931e-03
6.31632e-01 1.57699e-03
6.32633e-01 1.57468e-03
6.33634e-01 1.57238e-03
6.34635e-01 1.57008e-03
6.35636e-01 1.56778e-03
6.36637e-01 1.56550e-03
6.37638e-01 1.56321e-03
6.38639e-01 1.56094e-03
6.39640e-01 1.55867e-03
6.40641e-01 1.55640e-03
6.41642e-01 1.55414e-03
6.42643e-01 1.55189e-03
6.43644e-01 1.54964e-03
6.44645e-01 1.54740e-03
6.45646e-01 1.54516e-03
6.46647e-01 1.54293e-03
6.47648e-01 1.54071e-03
6.48649e-01 1.53849e-03
6.49650e-01 1.53627e-03
6.50651e-01 1.53406e-03
6.51652e-01 1.53186e-03
6.52653e-01 1.52966e-03
6.53654e-01 1.52747e-03
6.54655e-01 1.52528e-03
6.55656e-01 1.52310e-03
6.56657e-01 1.52093e-03
6.57658e-01 1.51875e-03
6.58659e-01 1.51659e-03
6.59660e-01 1.51443e-03
6.60661e-01 1.51227e-03
6.61662e-01 1.51013e-03
6.62663e-01 1.50798e-03
6.63664e-01 1.50584e-03
6.64665e-01 1.50371e-03
6.65666e-01 1.50158e-03
6.66667e-01 1.49946e-03
6.67668e-01 1.49734e-03
6.68669e-01 1.49523e-03
6.69670e-01 1.49312e-03
6.70671e-01 1.49102e-03
6.71672e-01 1.48892e-03
6.72673e-01 1.48683e-03
6.73674e-01 1.48475e-03
6.74675e-01 1.48267e-03
6.75676e-01 1.48059e-03
6.76677e-01 1.47852e-03
6.77678e-01 1.47645e-03
6.78679e-01 1.47439e-03
6.79680e-01 1.47234e-03
6.80681e-01 1.47029e-03
6.81682e-01 1.46824e-03
6.82683e-01 1.46620e-03
6.83684e-01 1.46417e-03
6.84685e-01 1.46214e-03
6.85686e-01 1.46011e-03
6.86687e-01 1.45809e-03
6.87688e-01 1.45608e-03
6.88689e-01 1.45407e-03
6.89690e-01 1.45206e-03
6.90691e-01 1.45006e-03
6.91692e-01 1.44807e-03
6.92693e-01 1.44608e-03
6.93694e-01 1.44409e-03
6.94695e-01 1.44211e-03
6.95696e-01 1.44013e-03
6.96697e-01 1.43816e-03
6.97698e-01 1.43620e-03
6.98699e-01 1.43424e-03
6.99700e-01 1.43228e-03
7.00701e-01 1.43033e-03
7.01702e-01 1.42838e-03
7.02703e-01 1.42644e-03
7.03704e-01 1.42450e-03
7.04705e-01 1.42257e-03
7.05706e-01 1.42064e-03
7.06707e-01 1.41872e-03
7.07708e-01 1.41680e-03
7.08709e-01 1.41489e-03
7.09710e-01 1.41298e-03
7.10711e-01 1.41107e-03
7.11712e-01 1.40917e-03
7.12713e-01 1.40728e-03
7.13714e-01 1.40539e-03
7.14715e-01 1.40350e-03
7.15716e-01 1.40162e-03
7.16717e-01 1.39974e-03
7.17718e-01 1.39787e-03
7.18719e-01 1.39600e-03
7.19720e-01 1.39414e-03
7.20721e-01 1.39228e-03
7.21722e-01 1.39043e-03
7.22723e-01 1.38858e-03
7.23724e-01 1.38673e-03
7.24725e-01 1.38489e-03
7.25726e-01 1.38305e-03
7.26727e-01 1.38122e-03
7.27728e-01 1.37939e-03
7.28729e-01 1.37757e-03
7.29730e-01 1.37575e-03
7.30731e-01 1.37394e-03
7.31732e-01 1.37213e-03
7.32733e-01 1.37032e-03
7.33734e-01 1.36852e-03
7.34735e-01 1.36673e-03
7.35736e-01 1.36493e-03
7.36737e-01 1.36314e-03
7.37738e-01 1.36136e-03
7.38739e-01 1.35958e-03
7.39740e-01 1.35781e-03
7.40741e-01 1.35603e-03
7.41742e-01 1.35427e-03
7.42743e-01 1.35251e-03
7.43744e-01 1.35075e-03
7.44745e-01 1.34899e-03
7.45746e-01 1.34724e-03
7.46747e-01 1.34550e-03
7.47748e-01 1.34376e-03
7.48749e-01 1.34202e-03
7.49750e-01 1.34028e-03
7.50751e-01 1.33856e-03
7.51752e-01 1.33683e-03
7.52753e-01 1.33511e-03
7.53754e-01 1.33339e-03
7.54755e-01 1.33168e-03
7.55756e-01 1.32997e-03
7.56757e-01 1.32827e-03
7.57758e-01 1.32657e-03
7.58759e-01 1.32487e-03
7.59760e-01 1.32318e-03
7.60761e-01 1.32149e-03
7.61762e-01 1.31980e-03
7.62763e-01 1.31812e-03
7.63764e-01 1.31645e-03
7.64765e-01 1.31477e-03
7.65766e-01 1.31311e-03
7.66767e-01 1.31144e-03
7.67768e-01 1.30978e-03
7.68769e-01 1.30812e-03
7.69770e-01 1.30647e-03
7.70771e-01 1.30482e-03
7.71772e-01 1.30318e-03
7.72773e-01 1.30153e-03
7.73774e-01 1.29990e-03
7.74775e-01 1.29826e-03
7.75776e-01 1.29663e-03
7.76777e-01 1.29501e-03
7.77778e-01 1.29339e-03
7.78779e-01 1.29177e-03
7.79780e-01 1.29015e-03
7.80781e-01 1.28854e-03
7.81782e-01 1.28693e-03
7.82783e-01 1.28533e-03
7.83784e-01 1.28373e-03
7.84785e-01 1.28214e-03
7.85786e-01 1.28054e-03
7.86787e-01 1.27896e-03
7.87788e-01 1.27737e-03
7.88789e-01 1.27579e-03
7.89790e-01 1.27421e-03
7.90791e-01 1.27264e-03
7.91792e-01 1.27107e-03
7.92793e-01 1.26950e-03
7.93794e-01 1.26794e-03
7.94795e-01 1.26638e-03
7.95796e-01 1.26482e-03
7.96797e-01 1.26327e-03
7.97798e-01 1.26172e-03
7.98799e-01 1.26018e-03
7.99800e-01 1.25864e-03
8.00801e-01 1.25710e-03
8.01802e-01 1.25557e-03
8.02803e-01 1.25404e-03
8.03804e-01 1.25251e-03
8.04805e-01 1.25098e-03
8.05806e-01 1.24946e-03
8.06807e-01 1.24795e-03
8.07808e-01 1.24643e-03
8.08809e-01 1.24493e-03
8.09810e-01 1.24342e-03
8.10811e-01 1.24192e-03
8.11812e-01 1.24042e-03
8.12813e-01 1.23892e-03
8.13814e-01 1.23743e-03
8.14815e-01 1.23594e-03
8.15816e-01 1.23445e-03
8.16817e-01 1.23297e-03
8.17818e-01 1.23149e-03
8.18819e-01 1.23002e-03
8.19820e-01 1.22854e-03
8.20821e-01 1.22708e-03
8.21822e-01 1.22561e-03
8.22823e-01 1.22415e-03
8.23824e-01 1.22269e-03
8.24825e-01 1.22123e-03
8.25826e-01 1.21978e-03
8.26827e-01 1.21833e-03
8.27828e-01 1.21689e-03
8.28829e-01 1.21544e-03
8.29830e-01 1.21400e-03
8.30831e-01 1.21257e-03
8.31832e-01 1.21114e-03
8.32833e-01 1.20971e-03
8.33834e-01 1.20828e-03
8.34835e-01 1.20686e-03
8.35836e-01 1.20544e-03
8.36837e-01 1.20402e-03
8.37838e-01 1.20261e-03
8.38839e-01 1.20120e-03
8.39840e-01 1.19979e-03
8.40841e-01 1.19839e-03
8.41842e-01 1.19698e-03
8.42843e-01 1.19559e-03
8.43844e-01 1.19419e-03
8.44845e-01 1.19280e-03
8.45846e-01 1.19141e-03
8.46847e-01 1.19003e-03
8.47848e-01 1.18864e-03
8.48849e-01 1.18726e-03
8.49850e-01 1.18589e-03
8.50851e-01 1.18452e-03
8.51852e-01 1.18315e-03
8.52853e-01 1.18178e-03
8.53854e-01 1.18041e-03
8.54855e-01 1.17905e-03
8.55856e-01 1.17770e-03
8.56857e-01 1.17634e-03
8.57858e-01 1.17499e-03
8.58859e-01 1.17364e-03
8.59860e-01 1.17229e-03
8.60861e-01 1.17095e-03
8.61862e-01 1.16961e-03
8.62863e-01 1.16827e-03
8.63864e-01 1.16694e-03
8.64865e-01 1.16561e-03
8.65866e-01 1.16428e-03
8.66867e-01 1.16295e-03
8.67868e-01 1.16163e-03
8.68869e-01 1.16031e-03
8.69870e-01 1.15899e-03
8.70871e-01 1.15768e-03
8.71872e-01 1.15637e-03
8.72873e-01 1.15506e-03
8.73874e-01 1.15376e-03
8.74875e-01 1.15245e-03
8.75876e-01 1.15115e-03
8.76877e-01 1.14986e-03
8.77878e-01 1.14856e-03
8.78879e-01 1.14727e-03
8.79880e-01 1.14598e-03
8.80881e-01 1.14470e-03
8.81882e-01 1.14341e-03
8.82883e-01 1.14213e-03
8.83884e-01 1.14086e-03
8.84885e-01 1.13958e-03
8.85886e-01 1.13831e-03
8.86887e-01 1.13704e-03
8.87888e-01 1.13577e-03
8.88889e-01 1.13451e-03
8.89890e-01 1.13325e-03
8.90891e-01 1.13199e-03
8.91892e-01 1.13074e-03
8.92893e-01 1.12948e-03
8.93894e-01 1.12823e-03
8.94895e-01 1.12699e-03
8.95896e-01 1.12574e-03
8.96897e-01 1.12450e-03
8.97898e-01 1.12326e-03
8.98899e-01 1.12202e-03
8.99900e-01 1.12079e-03
9.00901e-01 1.11956e-03
9.01902e-01 1.11833e-03
9.02903e-01 1.11710e-03
9.03904e-01 1.11588e-03
9.04905e-01 1.11466e-03
9.05906e-01 1.11344e-03
9.06907e-01 1.11222e-03
9.07908e-01 1.11101e-03
9.08909e-01 1.10980e-03
9.09910e-01 1.10859e-03
9.10911e-01 1.10738e-03
9.11912e-01 1.10618e-03
9.12913e-01 1.10498e-03
9.13914e-01 1.10378e-03
9.14915e-01 1.10259e-03
9.15916e-01 1.10139e-03
9.16917e-01 1.10020e-03
9.17918e-01 1.09901e-03
9.18919e-01 1.09783e-03
9.19920e-01 1.09665e-03
9.20921e-01 1.09547e-03
9.21922e-01 1.09429e-03
9.22923e-01 1.09311e-03
9.23924e-01 1.09194e-03
9.24925e-01 1.09077e-03
9.25926e-01 1.08960e-03
9.26927e-01 1.08843e-03
9.27928e-01 1.08727e-03
9.28929e-01 1.08611e-03
9.29930e-01 1.08495e-03
9.30931e-01 1.08379e-03
9.31932e-01 1.08264e-03
9.32933e-01 1.08149e-03
9.33934e-01 1.08034e-03
9.34935e-01 1.07919e-03
9.35936e-01 1.07805e-03
9.36937e-01 1.07691e-03
9.37938e-01 1.07577e-03
9.38939e-01 1.07463e-03
9.39940e-01 1.07350e-03
9.40941e-01 1.07236e-03
9.41942e-01 1.07123e-03
9.42943e-01 1.07011e-03
9.43944e-01 1.06898e-03
9.44945e-01 1.06786e-03
9.45946e-01 1.06674e-03
9.46947e-01 1.06562e-03
9.47948e-01 1.06450e-03
9.48949e-01 1.06339e-03
9.49950e-01 1.06227e-03
9.50951e-01 1.06117e-03
9.51952e-01 1.06006e-03
9.52953e-01 1.05895e-03
9.53954e-01 1.05785e-03
9.54955e-01 1.05675e-03
9.55956e-01 1.05565e-03
9.56957e-01 1.05456e-03
9.57958e-01 1.05346e-03
9.58959e-01 1.05237e-03
9.59960e-01 1.05128e-03
9.60961e-01 1.05019e-03
9.61962e-01 1.04911e-03
9.62963e-01 1.04803e-03
9.63964e-01 1.04695e-03
9.64965e-01 1.04587e-03
9.65966e-01 1.04479e-03
9.66967e-01 1.04372e-03
9.67968e-01 1.04264e-03
9.68969e-01 1.04157e-03
9.69970e-01 1.04051e-03
9.70971e-01 1.03944e-03
9.71972e-01 1.03838e-03
9.72973e-01 1.03732e-03
9.73974e-01 1.03626e-03
9.74975e-01 1.03520e-03
9.75976e-01 1.03415e-03
9.76977e-01 1.03309e-03
9.77978e-01 1.03204e-03
9.78979e-01 1.03099e-03
9.79980e-01 1.02995e-03
9.80981e-01 1.02890e-03
9.81982e-01 1.02786e-03
9.82983e-01 1.02682e-03
9.83984e-01 1.02578e-03
9.84985e-01 1.02475e-03
9.85986e-01 1.02371e-03
9.86987e-01 1.02268e-03
9.87988e-01 1.02165e-03
9.88989e-01 1.02062e-03
9.89990e-01 1.01960e-03
9.90991e-01 1.01857e-03
9.91992e-01 1.01755e-03
9.92993e-01 1.01653e-03
9.93994e-01 1.01551e-03
9.94995e-01 1.01450e-03
9.95996e-01 1.01348e-03
9.96997e-01 1.01247e-03
9.97998e-01 1.01146e-03
9.98999e-01 1.01046e-03
1.00000e+00 1.00200e+00
0.00000e+00 0.00000e+00
